,Date (America/Chicago),"Maschhoff_G1TC_RM1_CC Temp shock - color
 (MO201901-5K656G4J)","Maschhoff_G1TC_RM1_CC Temp (°C) - data
 (MO201901-5K656G4J)","Maschhoff_G1TC_RM1_CC ReHS - color
 (MO201901-5K656G4J)","Maschhoff_G1TC_RM1_CC ReHS - data
 (MO201901-5K656G4J)","Maschhoff_G1TC_RM1_N Temp shock - color
 (MO202101-LPSDQKHB)","Maschhoff_G1TC_RM1_N Temp (°C) - data
 (MO202101-LPSDQKHB)","Maschhoff_G1TC_RM1_N ReHS - color
 (MO202101-LPSDQKHB)","Maschhoff_G1TC_RM1_N ReHS - data
 (MO202101-LPSDQKHB)","Maschhoff_G1TC_RM1_NC Temp shock - color
 (MO201901-CP26R28V)","Maschhoff_G1TC_RM1_NC Temp (°C) - data
 (MO201901-CP26R28V)","Maschhoff_G1TC_RM1_NC ReHS - color
 (MO201901-CP26R28V)","Maschhoff_G1TC_RM1_NC ReHS - data
 (MO201901-CP26R28V)","Maschhoff_G1TC_RM1_S Temp shock - color
 (MO201601-FTC7LCLZ)","Maschhoff_G1TC_RM1_S Temp (°C) - data
 (MO201601-FTC7LCLZ)","Maschhoff_G1TC_RM1_S ReHS - color
 (MO201601-FTC7LCLZ)","Maschhoff_G1TC_RM1_S ReHS - data
 (MO201601-FTC7LCLZ)","Maschhoff_G1TC_RM1_SC Temp shock - color
 (MO202201-X2LJ7F79)","Maschhoff_G1TC_RM1_SC Temp (°C) - data
 (MO202201-X2LJ7F79)","Maschhoff_G1TC_RM1_SC ReHS - color
 (MO202201-X2LJ7F79)","Maschhoff_G1TC_RM1_SC ReHS - data
 (MO202201-X2LJ7F79)","Maschhoff_G1TC_RM2_CC Temp shock - color
 (MO201601-9CXHNX97)","Maschhoff_G1TC_RM2_CC Temp (°C) - data
 (MO201601-9CXHNX97)","Maschhoff_G1TC_RM2_CC ReHS - color
 (MO201601-9CXHNX97)","Maschhoff_G1TC_RM2_CC ReHS - data
 (MO201601-9CXHNX97)","Maschhoff_G1TC_RM2_N Temp shock - color
 (MO201901-2MLQLGBV)","Maschhoff_G1TC_RM2_N Temp (°C) - data
 (MO201901-2MLQLGBV)","Maschhoff_G1TC_RM2_N ReHS - color
 (MO201901-2MLQLGBV)","Maschhoff_G1TC_RM2_N ReHS - data
 (MO201901-2MLQLGBV)","Maschhoff_G1TC_RM2_NC Temp shock - color
 (MO202601-HV4JJK6F)","Maschhoff_G1TC_RM2_NC Temp (°C) - data
 (MO202601-HV4JJK6F)","Maschhoff_G1TC_RM2_NC ReHS - color
 (MO202601-HV4JJK6F)","Maschhoff_G1TC_RM2_NC ReHS - data
 (MO202601-HV4JJK6F)","Maschhoff_G1TC_RM2_S Temp shock - color
 (MO201901-2BC5ZZKR)","Maschhoff_G1TC_RM2_S Temp (°C) - data
 (MO201901-2BC5ZZKR)","Maschhoff_G1TC_RM2_S ReHS - color
 (MO201901-2BC5ZZKR)","Maschhoff_G1TC_RM2_S ReHS - data
 (MO201901-2BC5ZZKR)","Maschhoff_G1TC_RM2_SC Temp shock - color
 (MO201401-P9DTQ8WT)","Maschhoff_G1TC_RM2_SC Temp (°C) - data
 (MO201401-P9DTQ8WT)","Maschhoff_G1TC_RM2_SC ReHS - color
 (MO201401-P9DTQ8WT)","Maschhoff_G1TC_RM2_SC ReHS - data
 (MO201401-P9DTQ8WT)"
0,2020-12-21,green,,blue,,green,,blue,,green,,blue,,green,,blue,,green,,blue,,green,,blue,,green,,blue,,green,,blue,,green,,blue,,green,,blue,
1,2020-12-22,green,,blue,,green,,blue,,green,,blue,,green,,blue,,green,,blue,,green,,blue,,green,,blue,,green,,blue,,green,,blue,,green,,blue,
2,2020-12-23,green,,blue,,green,,blue,,green,,blue,,green,,blue,,green,,blue,,green,,blue,,green,,blue,,green,,blue,,green,,blue,,green,,blue,
3,2020-12-24,blue,,blue,,blue,,blue,,blue,,blue,,blue,,blue,,blue,,blue,,blue,,blue,,blue,,blue,,blue,,blue,,blue,,blue,,blue,,blue,
4,2020-12-25,blue,,blue,,blue,,blue,,blue,,blue,,blue,,blue,,blue,,blue,,blue,,blue,,blue,,blue,,blue,,blue,,blue,,blue,,blue,,blue,
5,2020-12-26,blue,,blue,,blue,,blue,,blue,,blue,,blue,,blue,,blue,,blue,,blue,,blue,,blue,,blue,,blue,,blue,,blue,,blue,,blue,,blue,
6,2020-12-27,blue,,blue,,blue,,blue,,blue,,blue,,blue,,blue,,blue,,blue,,blue,,blue,,blue,,blue,,blue,,blue,,blue,,blue,,blue,,blue,
7,2020-12-28,blue,,blue,,blue,,blue,,blue,,blue,,blue,,blue,,blue,,blue,,blue,,blue,,blue,,blue,,blue,,blue,,blue,,blue,,blue,,blue,
8,2020-12-29,blue,,blue,,blue,,blue,,blue,,blue,,blue,,blue,,blue,,blue,,blue,,blue,,blue,,blue,,blue,,blue,,blue,,blue,,blue,,blue,
9,2020-12-30,blue,,blue,,blue,,blue,,blue,,blue,,blue,,blue,,blue,,blue,,blue,,blue,,blue,,blue,,blue,,blue,,blue,,blue,,blue,,blue,
10,2020-12-31,blue,,blue,,blue,,blue,,blue,,blue,,blue,,blue,,blue,,blue,,blue,,blue,,blue,,blue,,blue,,blue,,blue,,blue,,blue,,blue,
11,2021-01-01,blue,,blue,,blue,,blue,,blue,,blue,,blue,,blue,,blue,,blue,,blue,,blue,,blue,,blue,,blue,,blue,,blue,,blue,,blue,,blue,
12,2021-01-02,blue,,blue,,blue,,blue,,blue,,blue,,blue,,blue,,blue,,blue,,blue,,blue,,blue,,blue,,blue,,blue,,blue,,blue,,blue,,blue,
13,2021-01-03,blue,,blue,,blue,,blue,,blue,,blue,,blue,,blue,,blue,,blue,,blue,,blue,,blue,,blue,,blue,,blue,,blue,,blue,,blue,,blue,
14,2021-01-04,green,17.0,green,,green,17.0,green,,green,17.0,green,,green,17.0,green,,green,18.0,green,,green,27.5,green,,green,27.0,green,,green,28.0,green,,green,28.5,green,,green,28.0,green,
15,2021-01-05,green,16.5,green,97.0,green,17.0,green,98.0,green,17.0,green,99.0,green,17.0,green,99.0,green,18.0,green,99.0,green,27.5,green,99.0,green,27.5,green,97.0,green,27.5,green,97.0,green,28.5,green,99.0,green,29.0,green,94.0
16,2021-01-06,green,16.5,green,99.0,green,16.5,green,97.0,green,16.5,green,98.0,green,17.0,green,99.0,green,18.0,green,96.0,green,28.0,green,99.0,green,28.0,green,98.0,green,27.5,green,95.0,green,28.0,green,99.0,green,29.0,green,99.0
17,2021-01-07,green,17.0,green,99.0,green,17.0,green,98.0,green,17.0,green,99.0,green,17.0,green,98.0,green,18.0,green,98.0,green,28.5,green,97.0,green,27.5,green,98.0,green,27.0,green,97.0,green,28.5,green,97.0,green,29.0,green,98.0
18,2021-01-08,green,16.5,green,98.0,green,17.0,green,99.0,green,17.0,green,99.0,green,17.0,green,99.0,green,18.0,green,96.0,green,28.5,green,99.0,green,27.5,green,98.0,green,27.5,green,96.0,green,28.5,green,99.0,green,29.0,green,97.0
19,2021-01-09,green,17.0,green,96.0,green,17.0,green,94.0,green,17.0,green,95.0,green,17.0,green,99.0,green,18.0,green,98.0,green,28.0,green,99.0,green,28.0,green,94.0,green,28.0,green,92.0,green,28.5,green,99.0,green,29.0,green,98.0
20,2021-01-10,green,17.0,green,97.0,green,17.0,green,96.0,green,17.0,green,97.0,green,17.0,green,96.0,green,18.0,green,96.0,green,28.0,green,99.0,blue,28.0,green,93.0,green,28.0,green,91.0,green,28.5,green,97.0,green,29.0,green,99.0
21,2021-01-11,green,17.0,green,99.0,green,17.0,green,97.0,green,17.0,green,99.0,green,44.5,green,99.0,green,18.0,green,98.0,green,29.0,green,99.0,green,28.0,green,96.0,green,27.5,green,96.0,green,28.5,green,96.0,green,29.5,green,98.0
22,2021-01-12,green,17.0,green,98.0,green,17.0,green,99.0,green,17.0,green,98.0,green,68.0,green,99.0,green,18.0,green,99.0,green,29.0,green,98.0,green,28.0,green,93.0,green,27.5,green,94.0,green,28.5,green,98.0,green,29.0,green,93.0
23,2021-01-13,yellow,16.5,green,99.0,green,16.5,green,96.0,green,16.5,green,98.0,green,16.5,green,99.0,green,18.0,green,96.0,green,28.5,green,97.0,green,28.5,green,92.0,green,28.0,green,88.0,green,28.0,green,99.0,green,29.0,green,99.0
24,2021-01-14,green,16.5,green,98.0,green,16.5,green,98.0,green,16.5,green,99.0,green,16.5,green,99.0,green,17.5,green,99.0,green,29.0,green,99.0,green,28.0,green,95.0,green,28.0,green,96.0,green,28.5,green,99.0,green,29.0,green,97.0
25,2021-01-15,green,16.5,green,96.0,green,17.0,green,99.0,green,17.0,green,98.0,green,17.0,green,96.0,green,18.0,green,97.0,green,29.0,green,98.0,green,28.0,green,96.0,green,28.0,green,92.0,green,28.5,green,99.0,green,29.5,green,90.0
26,2021-01-16,green,16.5,green,99.0,green,16.5,green,93.0,green,16.5,green,97.0,green,16.5,green,98.0,green,18.0,green,99.0,green,28.5,green,99.0,green,28.5,green,95.0,green,27.5,green,90.0,green,28.0,green,99.0,green,29.0,green,97.0
27,2021-01-17,red,18.0,green,99.0,red,18.0,green,98.0,red,18.0,green,98.0,red,18.5,green,99.0,red,20.0,green,99.0,green,28.5,green,97.0,green,28.5,green,99.0,green,27.5,green,97.0,green,28.0,green,99.0,green,29.0,green,99.0
28,2021-01-18,green,30.5,green,98.0,green,27.5,green,97.0,green,28.5,green,98.0,green,32.5,green,96.0,green,34.0,green,99.0,green,29.0,green,99.0,green,28.0,green,99.0,green,27.5,green,95.0,green,28.5,green,99.0,green,29.0,green,98.0
29,2021-01-19,yellow,31.5,green,96.0,green,28.5,green,99.0,green,29.0,green,99.0,yellow,31.5,green,98.0,green,33.0,green,96.0,green,29.0,green,99.0,green,28.0,green,92.0,green,27.5,green,86.0,green,28.5,green,99.0,green,29.0,green,91.0
30,2021-01-20,green,31.5,green,96.0,green,28.5,green,97.0,green,29.0,green,96.0,yellow,32.0,green,99.0,green,33.0,green,95.0,green,28.5,green,98.0,green,28.5,green,68.0,green,28.0,green,70.0,green,28.5,green,99.0,green,29.0,green,99.0
31,2021-01-21,yellow,29.5,green,96.0,green,28.5,green,93.0,green,28.5,green,96.0,green,29.0,green,99.0,green,30.5,green,98.0,green,29.0,green,98.0,green,28.0,green,82.0,green,28.0,green,87.0,green,28.5,green,98.0,green,29.0,green,97.0
32,2021-01-22,green,29.5,green,96.0,green,28.5,green,92.0,green,28.5,green,94.0,green,30.0,green,99.0,green,31.0,green,96.0,green,28.5,green,96.0,green,27.5,green,91.0,green,27.5,green,78.0,green,28.5,green,93.0,green,29.0,green,85.0
33,2021-01-23,green,30.0,green,97.0,green,28.5,green,97.0,green,28.5,green,97.0,green,30.5,green,99.0,green,31.5,green,99.0,green,28.0,green,99.0,green,28.0,green,87.0,green,27.5,green,63.0,green,28.0,green,99.0,green,29.0,green,98.0
34,2021-01-24,yellow,29.0,green,97.0,green,28.5,green,98.0,green,28.5,green,98.0,green,29.0,green,97.0,green,30.5,green,96.0,green,28.0,green,98.0,green,28.0,green,91.0,green,28.0,green,70.0,green,28.5,green,99.0,green,28.5,green,97.0
35,2021-01-25,green,28.5,green,99.0,green,27.5,green,96.0,green,27.5,green,97.0,green,28.5,green,92.0,green,30.5,green,99.0,green,28.0,green,99.0,green,26.5,green,98.0,green,27.0,green,91.0,green,28.0,green,94.0,green,29.0,green,99.0
36,2021-01-26,blue,29.0,green,98.0,green,28.0,green,94.0,blue,28.5,green,99.0,green,29.5,green,81.0,blue,30.5,green,99.0,blue,28.5,green,99.0,blue,27.5,green,95.0,green,28.0,green,95.0,green,28.5,green,90.0,green,28.5,green,97.0
37,2021-01-27,green,29.5,green,98.0,green,28.0,green,96.0,green,28.0,green,97.0,green,30.0,green,95.0,green,31.0,green,97.0,green,28.0,green,97.0,green,28.0,green,96.0,green,28.0,green,95.0,green,28.0,green,95.0,green,28.5,green,99.0
38,2021-01-28,blue,29.0,green,99.0,green,28.0,green,97.0,green,28.0,green,99.0,green,29.5,green,99.0,green,30.5,green,98.0,blue,27.5,green,99.0,green,27.0,green,98.0,blue,27.0,green,98.0,green,27.5,green,99.0,green,28.0,green,98.0
39,2021-01-29,green,28.0,green,97.0,green,28.5,green,95.0,green,27.5,green,97.0,green,27.5,green,98.0,green,29.5,green,98.0,green,27.0,green,99.0,green,27.0,green,99.0,green,26.5,green,97.0,green,27.0,green,96.0,green,27.5,green,97.0
40,2021-01-30,yellow,29.5,green,97.0,green,27.5,green,99.0,green,27.0,green,98.0,red,29.5,green,98.0,yellow,31.5,green,99.0,green,26.5,green,99.0,green,27.0,green,95.0,green,26.5,green,99.0,green,27.5,green,92.0,green,27.0,green,98.0
41,2021-01-31,yellow,31.0,green,96.0,green,27.0,green,96.0,green,27.5,green,97.0,yellow,33.0,green,98.0,yellow,34.5,green,99.0,green,27.5,green,99.0,green,27.0,green,98.0,green,27.0,green,98.0,green,28.5,green,92.0,green,28.0,green,97.0
42,2021-02-01,green,28.0,green,93.0,green,26.5,green,96.0,green,26.5,green,96.0,green,29.0,green,97.0,green,31.0,green,97.0,green,27.5,green,99.0,green,27.0,green,98.0,green,27.0,green,99.0,green,28.0,green,93.0,green,28.0,green,96.0
43,2021-02-02,green,26.0,green,97.0,green,26.0,green,92.0,green,26.0,green,98.0,green,26.5,green,95.0,green,28.0,green,93.0,green,27.5,green,99.0,green,27.0,green,99.0,green,26.5,green,99.0,green,28.0,green,93.0,green,28.0,green,95.0
44,2021-02-03,green,26.0,green,93.0,green,26.5,green,92.0,green,26.0,green,94.0,green,26.0,green,94.0,green,28.0,green,95.0,green,27.0,green,99.0,green,27.5,green,99.0,green,26.5,green,99.0,green,28.0,green,95.0,green,27.5,green,96.0
45,2021-02-04,green,25.5,green,96.0,green,26.0,green,86.0,green,25.5,green,94.0,green,25.0,green,96.0,green,27.0,green,93.0,green,26.0,green,99.0,green,26.5,green,96.0,green,26.0,green,96.0,green,27.0,green,96.0,green,27.0,green,95.0
46,2021-02-05,green,25.5,green,96.0,green,26.0,green,94.0,green,25.5,green,95.0,green,25.5,green,96.0,green,27.0,green,92.0,green,26.0,green,98.0,green,26.0,green,98.0,green,25.5,green,98.0,green,26.5,green,96.0,green,26.0,green,99.0
47,2021-02-06,green,25.0,green,96.0,green,25.0,green,97.0,green,25.0,green,95.0,green,25.5,green,95.0,green,27.0,green,93.0,green,26.5,green,98.0,green,26.0,green,96.0,green,25.5,green,97.0,green,27.0,green,90.0,green,26.5,green,95.0
48,2021-02-07,green,24.5,green,91.0,green,24.5,green,95.0,green,24.5,green,89.0,green,25.0,green,93.0,green,26.5,green,93.0,green,25.5,green,99.0,green,25.0,green,97.0,green,25.0,green,98.0,green,26.0,green,94.0,green,26.0,green,93.0
49,2021-02-08,green,24.5,green,96.0,green,25.0,green,93.0,green,24.5,green,95.0,green,25.0,green,93.0,green,26.5,green,95.0,green,25.0,green,99.0,green,25.0,green,98.0,green,24.5,green,99.0,green,26.0,green,88.0,green,25.5,green,88.0
50,2021-02-09,green,24.5,green,95.0,green,24.0,green,92.0,green,24.5,green,94.0,green,24.5,green,83.0,green,26.5,green,87.0,green,24.5,green,99.0,green,24.0,green,97.0,green,24.0,green,97.0,green,25.0,green,93.0,green,25.0,green,93.0
51,2021-02-10,green,23.5,green,88.0,green,23.5,green,92.0,green,24.0,green,88.0,green,24.0,green,86.0,green,26.0,green,88.0,green,24.0,green,99.0,green,24.0,green,97.0,green,24.0,green,95.0,green,25.5,green,86.0,green,25.0,green,93.0
52,2021-02-11,green,23.0,green,97.0,green,23.0,green,93.0,green,23.5,green,95.0,green,23.5,green,95.0,green,25.0,green,91.0,green,25.0,green,98.0,green,25.0,green,92.0,green,25.0,green,91.0,green,26.5,green,82.0,green,25.5,green,92.0
53,2021-02-12,green,23.5,green,92.0,green,23.5,green,97.0,green,24.0,green,94.0,yellow,24.0,green,95.0,yellow,25.5,green,96.0,green,24.0,green,99.0,green,24.0,green,93.0,green,24.0,green,91.0,green,25.0,green,87.0,green,24.0,green,90.0
54,2021-02-13,green,23.0,green,92.0,green,24.0,green,92.0,green,24.0,green,92.0,green,24.5,green,96.0,green,25.0,green,91.0,green,23.5,green,97.0,green,24.0,green,93.0,green,24.0,green,93.0,green,24.5,green,90.0,green,24.0,green,89.0
55,2021-02-14,green,23.0,green,95.0,green,23.5,green,96.0,green,23.5,green,97.0,green,24.0,green,89.0,green,24.5,green,95.0,green,23.5,green,98.0,green,24.0,green,94.0,green,24.0,green,91.0,green,24.5,green,87.0,green,24.0,green,92.0
56,2021-02-15,green,23.0,green,95.0,green,23.5,green,96.0,green,23.5,green,94.0,green,24.0,green,94.0,green,25.0,green,95.0,green,23.5,green,99.0,green,24.0,green,93.0,green,24.0,green,87.0,green,24.5,green,84.0,green,24.0,green,89.0
57,2021-02-16,green,22.5,green,95.0,green,23.0,green,96.0,green,23.0,green,96.0,green,23.0,green,97.0,green,24.5,green,94.0,green,23.5,green,99.0,green,24.0,green,92.0,green,23.5,green,93.0,green,25.0,green,86.0,green,24.5,green,89.0
58,2021-02-17,green,22.0,green,94.0,green,23.0,green,94.0,green,22.5,green,95.0,green,23.0,green,97.0,green,24.0,green,97.0,green,23.0,green,96.0,green,23.5,green,90.0,green,23.0,green,92.0,green,24.5,green,85.0,green,24.0,green,84.0
59,2021-02-18,green,21.5,green,98.0,green,23.0,green,97.0,green,22.5,green,93.0,green,22.0,green,97.0,green,23.5,green,97.0,green,23.5,green,96.0,green,23.0,green,95.0,green,23.5,green,92.0,green,24.5,green,89.0,green,24.0,green,84.0
60,2021-02-19,green,22.0,green,97.0,green,23.0,green,97.0,green,22.5,green,96.0,yellow,22.0,green,99.0,green,23.5,green,93.0,green,23.0,green,96.0,green,23.0,green,96.0,green,23.0,green,98.0,green,23.5,green,92.0,green,23.5,green,92.0
61,2021-02-20,green,22.0,green,96.0,green,24.0,green,96.0,blue,23.0,green,97.0,yellow,22.5,green,96.0,green,24.0,green,94.0,green,24.5,green,97.0,green,24.5,green,92.0,blue,24.5,green,92.0,green,25.0,green,89.0,green,25.0,green,84.0
62,2021-02-21,green,22.0,green,96.0,green,24.0,green,95.0,green,23.0,green,99.0,yellow,21.0,green,94.0,green,23.5,green,94.0,green,24.0,green,96.0,green,24.5,green,88.0,green,24.0,green,93.0,green,25.0,green,87.0,green,25.0,green,85.0
63,2021-02-22,green,21.5,green,94.0,green,23.5,green,95.0,green,22.5,green,91.0,yellow,20.5,green,97.0,green,24.0,green,92.0,green,24.0,green,97.0,green,24.0,green,91.0,green,24.5,green,95.0,green,24.5,green,89.0,green,25.0,green,84.0
64,2021-02-23,green,22.5,green,91.0,green,23.5,green,88.0,green,23.0,green,91.0,yellow,20.5,green,94.0,green,24.5,green,96.0,green,23.5,green,98.0,green,23.0,green,88.0,green,23.5,green,95.0,green,23.5,green,82.0,green,24.0,green,85.0
65,2021-02-24,green,22.0,green,93.0,green,23.0,green,94.0,green,23.0,green,92.0,yellow,20.0,green,91.0,green,24.5,green,92.0,green,22.5,green,98.0,green,22.0,green,89.0,green,22.0,green,94.0,green,22.5,green,89.0,green,23.5,green,87.0
66,2021-02-25,green,22.5,green,96.0,green,23.5,green,96.0,green,23.0,green,94.0,red,21.5,green,97.0,yellow,24.5,green,96.0,green,23.0,green,99.0,green,22.0,green,97.0,green,22.0,green,98.0,green,22.5,green,92.0,green,23.5,green,93.0
67,2021-02-26,green,22.0,green,94.0,green,23.5,green,95.0,green,23.0,green,93.0,green,20.5,green,95.0,green,24.5,green,91.0,green,23.0,green,98.0,green,22.0,green,95.0,green,22.0,green,96.0,green,22.5,green,87.0,green,23.5,green,88.0
68,2021-02-27,green,22.0,green,89.0,green,23.0,green,88.0,green,22.5,green,91.0,green,20.0,green,96.0,green,24.5,green,87.0,green,22.5,green,94.0,green,22.0,green,90.0,green,22.5,green,94.0,green,22.5,green,89.0,green,23.0,green,81.0
69,2021-02-28,green,22.0,green,85.0,green,22.5,green,90.0,green,22.0,green,93.0,yellow,19.5,green,97.0,green,24.0,green,88.0,green,22.5,green,97.0,green,22.0,green,90.0,green,22.0,green,91.0,green,22.5,green,90.0,green,23.0,green,79.0
70,2021-03-01,green,21.5,green,94.0,green,22.0,green,89.0,green,22.0,green,88.0,green,20.0,green,97.0,green,24.0,green,92.0,green,22.0,green,97.0,green,21.0,green,96.0,green,21.0,green,96.0,green,21.5,green,93.0,green,22.5,green,87.0
71,2021-03-02,green,21.0,green,90.0,green,22.0,green,90.0,green,21.5,green,88.0,yellow,20.0,green,92.0,green,23.0,green,89.0,green,21.5,green,94.0,green,21.0,green,92.0,green,21.0,green,90.0,green,21.5,green,85.0,green,22.0,green,83.0
72,2021-03-03,green,22.0,green,90.0,green,22.5,green,84.0,green,22.0,green,90.0,green,21.0,green,92.0,green,23.5,green,85.0,green,22.0,green,97.0,green,21.5,green,88.0,green,22.0,green,90.0,green,22.0,green,88.0,green,22.5,green,90.0
73,2021-03-04,green,21.0,green,93.0,green,21.5,green,94.0,green,21.0,green,91.0,green,20.0,green,97.0,green,23.0,green,88.0,green,21.5,green,95.0,green,21.0,green,92.0,green,21.5,green,92.0,green,21.5,green,92.0,green,22.0,green,89.0
74,2021-03-05,green,21.0,green,88.0,green,21.5,green,91.0,green,21.0,green,88.0,yellow,20.0,green,97.0,green,23.0,green,90.0,green,21.5,green,93.0,green,20.5,green,86.0,green,21.0,green,82.0,green,21.5,green,90.0,green,22.0,green,87.0
75,2021-03-06,green,21.0,green,92.0,green,22.0,green,90.0,green,21.0,green,93.0,green,19.5,green,94.0,green,23.0,green,92.0,green,21.5,green,88.0,green,20.5,green,78.0,green,21.0,green,78.0,green,21.0,green,85.0,green,21.5,green,83.0
76,2021-03-07,green,21.5,green,97.0,green,22.0,green,89.0,green,21.0,green,94.0,green,20.0,green,94.0,green,23.0,green,91.0,green,21.5,green,90.0,green,21.0,green,88.0,green,21.5,green,87.0,green,21.5,green,88.0,green,22.0,green,86.0
77,2021-03-08,green,22.0,green,97.0,green,22.5,green,91.0,green,22.0,green,94.0,green,22.0,green,97.0,green,23.5,green,93.0,green,22.0,green,94.0,green,21.5,green,94.0,green,22.0,green,92.0,green,21.5,green,94.0,green,22.5,green,87.0
78,2021-03-09,green,22.5,green,94.0,green,23.0,green,91.0,green,22.5,green,92.0,green,22.5,green,99.0,green,24.0,green,90.0,green,22.5,green,89.0,green,22.0,green,94.0,green,22.5,green,86.0,green,22.0,green,92.0,green,23.0,green,85.0
79,2021-03-10,green,22.5,green,92.0,green,23.0,green,88.0,green,22.0,green,92.0,green,22.5,green,99.0,green,24.0,green,86.0,green,23.0,green,91.0,green,22.5,green,95.0,green,22.5,green,84.0,green,22.5,green,99.0,green,23.5,green,90.0
80,2021-03-11,green,22.0,green,94.0,green,22.0,green,89.0,green,22.0,green,87.0,green,20.0,green,98.0,green,23.5,green,84.0,green,22.0,green,88.0,green,22.0,green,95.0,green,22.0,green,95.0,green,22.0,green,94.0,green,23.0,green,92.0
81,2021-03-12,green,22.0,green,94.0,green,22.5,green,93.0,green,22.0,green,90.0,green,20.0,green,98.0,green,24.0,green,88.0,green,22.0,green,89.0,green,21.5,green,94.0,green,21.5,green,92.0,green,21.5,green,88.0,green,22.5,green,80.0
82,2021-03-13,green,22.0,green,97.0,green,22.5,green,93.0,green,22.0,green,93.0,green,20.0,green,99.0,green,24.0,green,91.0,green,22.0,green,92.0,green,21.5,green,98.0,green,22.0,green,93.0,green,22.0,green,93.0,green,22.5,green,92.0
83,2021-03-14,green,21.5,green,97.0,green,22.0,green,92.0,green,21.5,green,92.0,green,19.5,green,96.0,green,23.5,green,92.0,green,22.0,green,89.0,green,21.0,green,97.0,green,22.0,green,92.0,green,21.5,green,88.0,green,22.5,green,89.0
84,2021-03-15,green,21.0,green,91.0,green,22.0,green,94.0,green,21.0,green,96.0,green,18.0,green,97.0,green,23.0,green,93.0,green,21.5,green,93.0,green,21.0,green,97.0,green,21.5,green,95.0,green,21.5,green,88.0,green,22.0,green,89.0
85,2021-03-16,green,22.0,green,97.0,green,22.5,green,95.0,green,22.0,green,96.0,green,20.0,green,98.0,green,24.0,green,95.0,green,21.5,green,97.0,green,21.0,green,97.0,green,22.0,green,95.0,green,21.5,green,91.0,green,22.0,green,91.0
86,2021-03-17,green,22.0,green,95.0,green,22.0,green,95.0,green,21.5,green,93.0,green,20.0,green,98.0,green,23.5,green,97.0,green,22.0,green,93.0,green,21.0,green,98.0,green,22.0,green,97.0,green,21.5,green,90.0,green,22.5,green,83.0
87,2021-03-18,green,22.0,green,98.0,green,22.0,green,95.0,green,22.0,green,94.0,green,19.0,green,97.0,green,23.5,green,97.0,green,21.5,green,97.0,green,21.0,green,97.0,green,22.0,green,96.0,green,21.5,green,91.0,green,22.0,green,90.0
88,2021-03-19,green,22.0,green,97.0,green,22.0,green,95.0,green,22.0,green,92.0,green,19.0,green,97.0,green,23.5,green,97.0,green,21.5,green,94.0,green,21.0,green,96.0,green,21.5,green,94.0,green,21.5,green,92.0,green,22.5,green,87.0
89,2021-03-20,green,22.0,green,94.0,green,22.5,green,97.0,green,22.0,green,94.0,green,20.0,green,98.0,green,23.5,green,96.0,green,21.5,green,93.0,green,21.5,green,98.0,green,22.0,green,95.0,green,21.5,green,92.0,green,22.5,green,91.0
90,2021-03-21,green,23.0,green,95.0,green,23.0,green,97.0,green,22.5,green,97.0,yellow,22.0,green,95.0,green,24.0,green,97.0,green,22.5,green,95.0,green,22.0,green,99.0,green,22.5,green,94.0,green,22.0,green,93.0,green,23.0,green,89.0
91,2021-03-22,green,22.5,green,95.0,green,22.0,green,95.0,green,22.0,green,97.0,yellow,21.5,green,99.0,green,24.5,green,96.0,green,22.5,green,93.0,green,22.0,green,95.0,green,22.5,green,93.0,green,22.5,green,99.0,green,23.5,green,93.0
92,2021-03-23,green,22.5,green,96.0,green,22.5,green,93.0,green,22.0,green,94.0,green,20.5,green,99.0,green,23.5,green,99.0,green,22.5,green,95.0,green,22.5,green,95.0,green,21.5,green,94.0,green,22.5,green,97.0,green,24.0,green,94.0
93,2021-03-24,green,22.0,green,93.0,green,22.0,green,93.0,green,22.0,green,93.0,green,20.0,green,97.0,green,23.5,green,97.0,green,22.5,green,94.0,green,22.0,green,94.0,green,22.0,green,94.0,green,22.0,green,98.0,green,23.0,green,92.0
94,2021-03-25,green,22.0,green,94.0,green,21.5,green,95.0,green,21.5,green,92.0,green,19.0,green,99.0,green,23.5,green,98.0,green,22.0,green,94.0,green,21.5,green,95.0,green,21.5,green,94.0,green,21.5,green,97.0,green,23.0,green,90.0
95,2021-03-26,green,22.0,green,92.0,green,22.0,green,93.0,green,21.0,green,94.0,green,19.5,green,98.0,green,24.0,green,95.0,green,22.0,green,94.0,green,21.5,green,93.0,green,21.0,green,95.0,green,21.5,green,96.0,green,23.0,green,95.0
96,2021-03-27,green,22.0,green,97.0,green,22.0,green,93.0,green,20.5,green,93.0,green,20.5,green,98.0,green,24.5,green,96.0,green,22.5,green,92.0,green,22.0,green,98.0,green,21.0,green,93.0,green,22.5,green,95.0,green,23.5,green,94.0
97,2021-03-28,green,21.5,green,96.0,green,22.0,green,90.0,green,20.0,green,96.0,green,18.5,green,99.0,green,23.5,green,94.0,green,22.0,green,94.0,green,21.5,green,98.0,green,20.5,green,95.0,green,21.5,green,92.0,green,22.5,green,93.0
98,2021-03-29,green,22.5,green,97.0,green,22.5,green,91.0,green,21.0,green,94.0,yellow,21.0,green,98.0,green,24.5,green,95.0,green,22.5,green,95.0,green,22.0,green,98.0,green,20.5,green,93.0,green,22.5,green,94.0,green,23.5,green,89.0
99,2021-03-30,green,22.5,green,96.0,green,22.5,green,93.0,green,20.0,green,96.0,green,21.0,green,99.0,green,24.5,green,97.0,green,22.5,green,94.0,green,22.5,green,96.0,green,20.5,green,95.0,green,22.5,green,97.0,green,24.0,green,92.0
100,2021-03-31,green,22.0,green,94.0,green,22.5,green,91.0,green,21.0,green,94.0,green,19.0,green,99.0,green,23.5,green,96.0,green,21.5,green,92.0,green,21.5,green,98.0,green,20.0,green,90.0,green,21.5,green,91.0,green,22.0,green,93.0
101,2021-04-01,green,21.5,green,97.0,green,22.5,green,93.0,yellow,21.0,green,95.0,yellow,19.5,green,98.0,green,23.5,green,97.0,green,21.0,green,92.0,green,21.0,green,99.0,green,20.0,green,94.0,green,21.0,green,93.0,green,22.0,green,86.0
102,2021-04-02,green,22.0,green,96.0,green,23.0,green,95.0,green,21.0,green,95.0,yellow,20.5,green,99.0,green,24.0,green,98.0,green,21.5,green,93.0,green,21.5,green,97.0,green,20.0,green,95.0,green,21.5,green,95.0,green,22.5,green,90.0
103,2021-04-03,green,22.5,green,99.0,green,23.0,green,95.0,green,21.5,green,97.0,yellow,22.5,green,98.0,green,25.0,green,97.0,green,23.0,green,98.0,green,22.0,green,98.0,green,21.0,green,96.0,green,23.0,green,94.0,green,24.0,green,93.0
104,2021-04-04,green,23.0,green,98.0,green,22.5,green,96.0,green,21.5,green,98.0,green,23.0,green,99.0,green,25.0,green,98.0,green,23.5,green,98.0,green,22.5,green,98.0,green,21.5,green,93.0,green,23.5,green,99.0,green,24.5,green,94.0
105,2021-04-05,green,23.5,green,97.0,green,23.0,green,98.0,green,22.0,green,95.0,green,24.0,green,99.0,green,25.5,green,98.0,green,24.0,green,95.0,green,23.5,green,97.0,green,22.0,green,89.0,green,24.5,green,99.0,green,25.0,green,93.0
106,2021-04-06,green,23.5,green,94.0,green,24.0,green,93.0,green,23.0,green,94.0,green,25.0,green,98.0,green,25.5,green,99.0,green,24.5,green,94.0,green,24.0,green,94.0,yellow,23.0,green,88.0,green,25.0,green,99.0,green,25.0,green,90.0
107,2021-04-07,green,23.0,green,95.0,green,23.0,green,98.0,green,22.5,green,99.0,green,25.0,green,96.0,green,25.5,green,99.0,green,24.0,green,95.0,green,23.0,green,97.0,green,22.0,green,91.0,green,24.5,green,99.0,green,24.5,green,94.0
108,2021-04-08,green,22.5,green,97.0,green,23.5,green,97.0,green,20.5,green,97.0,green,20.5,green,99.0,green,24.0,green,98.0,green,23.0,green,90.0,green,22.5,green,98.0,green,20.0,green,88.0,green,22.0,green,99.0,green,23.5,green,95.0
109,2021-04-09,green,23.0,green,98.0,green,23.0,green,98.0,green,21.5,green,96.0,green,22.5,green,99.0,green,25.0,green,98.0,green,23.5,green,98.0,green,22.5,green,99.0,green,21.5,green,95.0,green,23.5,green,98.0,green,24.0,green,97.0
110,2021-04-10,green,23.0,green,97.0,green,23.0,green,93.0,green,21.0,green,97.0,green,21.0,green,99.0,green,24.5,green,94.0,green,23.0,green,96.0,green,22.5,green,98.0,green,20.5,green,94.0,green,22.0,green,99.0,green,23.5,green,95.0
111,2021-04-11,green,22.0,green,95.0,green,22.5,green,91.0,green,19.0,green,98.0,green,18.0,green,88.0,green,23.0,green,75.0,green,22.0,green,96.0,green,22.0,green,96.0,green,19.5,green,93.0,green,21.5,green,97.0,green,23.0,green,94.0
112,2021-04-12,green,22.5,green,94.0,green,22.5,green,95.0,green,20.5,green,95.0,yellow,20.0,green,91.0,green,24.0,green,67.0,green,22.5,green,93.0,green,22.0,green,98.0,green,20.0,green,93.0,green,21.5,green,98.0,green,23.0,green,95.0
113,2021-04-13,green,22.5,green,85.0,green,22.5,green,92.0,green,20.5,green,92.0,yellow,20.0,green,91.0,green,24.0,green,71.0,green,22.5,green,89.0,green,22.0,green,98.0,green,20.5,green,95.0,green,21.5,green,91.0,green,23.0,green,76.0
114,2021-04-14,green,22.0,yellow,56.0,green,22.5,green,82.0,green,20.0,green,77.0,green,19.5,green,97.0,green,23.5,yellow,55.0,green,22.5,yellow,57.0,green,21.5,green,95.0,green,20.0,green,70.0,green,21.5,green,68.0,green,23.0,red,32.0
115,2021-04-15,green,22.0,green,81.0,green,22.5,yellow,55.0,green,20.5,green,76.0,yellow,20.0,green,97.0,green,24.0,green,86.0,green,22.5,green,68.0,green,22.0,green,95.0,green,20.5,green,66.0,green,22.0,yellow,57.0,green,23.0,red,37.0
116,2021-04-16,blue,23.0,green,87.0,blue,22.5,green,72.0,blue,20.5,green,74.0,blue,21.0,green,99.0,blue,24.0,green,94.0,blue,23.0,green,73.0,blue,22.0,green,80.0,blue,21.0,green,65.0,blue,22.0,green,77.0,blue,23.0,green,74.0
117,2021-04-17,green,23.0,green,81.0,green,22.5,green,65.0,green,21.0,yellow,56.0,yellow,21.0,green,99.0,green,24.5,green,95.0,green,23.0,green,75.0,green,22.0,green,80.0,green,21.0,yellow,56.0,green,22.5,green,94.0,green,24.0,green,74.0
118,2021-04-18,green,22.5,green,89.0,green,22.0,green,79.0,green,20.5,green,75.0,yellow,21.0,green,99.0,green,24.5,green,98.0,green,23.0,green,80.0,green,21.5,green,71.0,green,21.0,yellow,49.0,green,22.5,green,98.0,green,23.5,green,88.0
119,2021-04-19,green,22.5,green,94.0,green,22.5,green,91.0,green,20.5,green,90.0,green,20.0,green,99.0,green,24.0,green,99.0,green,22.5,green,91.0,green,21.5,green,71.0,green,20.0,yellow,55.0,green,21.5,green,99.0,green,23.0,green,91.0
120,2021-04-20,green,21.5,green,99.0,green,21.5,green,97.0,yellow,19.0,green,96.0,yellow,18.5,green,99.0,green,23.0,green,99.0,green,22.0,green,93.0,green,21.0,green,92.0,green,19.0,green,86.0,green,21.0,green,95.0,green,22.0,green,92.0
121,2021-04-21,green,22.5,green,98.0,green,22.5,green,96.0,green,20.5,green,97.0,green,20.0,green,99.0,green,24.0,green,99.0,green,22.0,green,95.0,green,21.5,green,97.0,green,20.0,green,97.0,green,21.0,green,96.0,green,22.5,green,93.0
122,2021-04-22,green,23.0,green,98.0,green,23.0,green,97.0,green,21.0,green,96.0,yellow,21.0,green,99.0,green,24.0,green,99.0,green,22.5,green,96.0,green,21.5,green,98.0,green,20.5,green,97.0,green,21.5,green,97.0,green,22.5,green,92.0
123,2021-04-23,green,22.5,green,96.0,green,23.0,green,97.0,green,20.0,green,96.0,green,20.5,green,96.0,green,24.0,green,99.0,green,23.0,green,98.0,green,22.0,green,98.0,green,19.5,green,98.0,green,22.0,green,98.0,green,23.5,green,95.0
124,2021-04-24,green,23.5,green,98.0,green,23.0,green,99.0,green,20.0,green,96.0,green,21.5,green,99.0,green,24.5,green,98.0,green,23.5,green,97.0,green,22.0,green,99.0,green,21.0,green,96.0,green,22.5,green,98.0,green,24.0,green,98.0
125,2021-04-25,green,22.5,green,98.0,green,22.0,green,98.0,green,20.5,green,96.0,green,21.0,green,99.0,green,24.5,green,99.0,green,23.0,green,98.0,green,21.0,green,99.0,green,20.5,green,95.0,green,22.5,green,99.0,green,24.0,green,97.0
126,2021-04-26,yellow,23.5,green,98.0,yellow,23.5,green,98.0,yellow,22.5,green,97.0,green,24.0,green,96.0,green,25.5,green,99.0,green,24.5,green,97.0,yellow,23.0,green,99.0,yellow,22.5,green,98.0,green,25.0,green,99.0,green,25.0,green,95.0
127,2021-04-27,yellow,24.5,green,99.0,yellow,24.5,green,99.0,yellow,24.0,green,96.0,green,26.5,green,98.0,green,27.0,green,99.0,yellow,25.0,green,98.0,yellow,24.5,green,97.0,yellow,23.5,green,94.0,green,26.0,green,97.0,green,26.0,green,98.0
128,2021-04-28,green,22.5,green,98.0,green,22.5,green,99.0,green,22.5,green,96.0,green,25.0,green,99.0,green,25.0,green,99.0,yellow,23.0,green,97.0,yellow,21.0,green,99.0,yellow,21.5,green,95.0,green,24.5,green,99.0,green,24.0,green,96.0
129,2021-04-29,green,23.0,green,99.0,green,22.5,green,95.0,green,21.5,green,94.0,green,24.0,green,96.0,green,25.0,green,97.0,green,23.0,green,98.0,green,20.0,green,95.0,green,20.0,green,90.0,green,23.5,green,98.0,green,24.0,green,94.0
130,2021-04-30,green,22.5,green,97.0,green,22.0,green,97.0,green,20.5,green,97.0,yellow,23.0,green,99.0,green,24.5,green,99.0,green,23.5,green,98.0,green,22.0,green,98.0,green,20.5,green,93.0,green,24.0,green,98.0,green,24.5,green,98.0
131,2021-05-01,yellow,24.0,green,98.0,yellow,24.5,green,98.0,yellow,23.0,green,96.0,yellow,25.0,green,99.0,yellow,26.0,green,94.0,yellow,25.0,green,99.0,yellow,24.0,green,99.0,yellow,22.5,green,96.0,yellow,25.0,green,99.0,yellow,25.5,green,97.0
132,2021-05-02,green,23.5,green,99.0,green,23.0,green,98.0,green,23.0,green,97.0,green,25.5,green,99.0,green,26.0,green,94.0,green,24.0,green,96.0,green,23.5,green,96.0,green,22.5,green,91.0,green,25.0,green,97.0,green,24.5,green,98.0
133,2021-05-03,green,23.0,green,99.0,green,22.0,green,98.0,green,22.0,green,97.0,green,24.5,green,98.0,green,25.0,green,90.0,green,23.5,green,96.0,green,22.5,green,98.0,green,21.5,green,92.0,green,24.5,green,99.0,green,24.5,green,98.0
134,2021-05-04,green,23.5,green,99.0,green,20.5,green,98.0,green,22.0,green,98.0,green,22.5,green,98.0,green,25.5,green,94.0,green,23.5,green,96.0,green,23.0,green,96.0,green,19.0,green,92.0,green,22.0,green,99.0,green,23.5,green,96.0
135,2021-05-05,green,22.5,green,96.0,green,19.5,green,96.0,green,21.0,green,96.0,green,22.5,green,99.0,green,25.0,green,96.0,green,23.5,green,99.0,green,21.5,green,99.0,green,20.0,green,98.0,green,23.0,green,99.0,green,24.5,green,98.0
136,2021-05-06,green,23.0,green,99.0,green,22.5,green,99.0,green,21.0,green,98.0,yellow,22.0,green,99.0,green,25.0,green,98.0,green,24.0,green,99.0,green,23.0,green,99.0,green,20.5,green,98.0,green,23.0,green,98.0,green,24.5,green,98.0
137,2021-05-07,green,22.5,green,97.0,green,22.5,green,97.0,green,20.5,green,98.0,yellow,19.5,green,99.0,green,24.5,green,98.0,green,22.5,green,97.0,green,22.5,green,98.0,green,19.5,green,96.0,green,21.5,green,99.0,green,23.5,green,97.0
138,2021-05-08,green,,green,98.0,green,,green,97.0,green,,green,96.0,yellow,,green,98.0,green,,green,98.0,green,,green,99.0,green,,green,98.0,green,,green,94.0,green,,green,98.0,green,,green,97.0
139,2021-05-09,green,,green,98.0,green,,green,98.0,green,,green,96.0,yellow,,green,96.0,green,,green,98.0,green,,green,98.0,green,,green,98.0,green,,green,94.0,green,,green,99.0,green,,green,95.0
140,2021-05-10,green,22.5,green,99.0,green,21.0,green,97.0,green,20.5,green,99.0,green,22.5,green,99.0,green,25.0,green,98.0,green,23.0,green,98.0,green,21.5,green,98.0,green,20.5,green,94.0,green,22.5,green,99.0,green,24.0,green,97.0
141,2021-05-11,green,23.0,green,99.0,green,20.0,green,99.0,green,21.0,green,98.0,yellow,21.0,green,98.0,green,25.0,green,98.0,green,23.5,green,98.0,green,21.5,green,97.0,green,21.0,green,92.0,green,22.5,green,98.0,green,24.0,green,97.0
142,2021-05-12,green,22.5,green,98.0,green,18.5,green,96.0,green,20.0,green,97.0,yellow,21.5,green,99.0,green,25.0,green,98.0,green,23.0,green,99.0,green,21.0,green,98.0,green,20.0,green,98.0,green,22.5,green,99.0,green,24.0,green,99.0
143,2021-05-13,green,22.5,green,97.0,green,20.0,green,97.0,green,20.0,green,99.0,yellow,22.0,green,98.0,green,24.5,green,99.0,green,22.5,green,99.0,green,21.0,green,99.0,green,20.0,green,95.0,green,23.0,green,99.0,green,24.0,green,98.0
144,2021-05-14,green,22.5,green,98.0,green,22.0,green,97.0,green,21.0,green,98.0,green,22.5,green,97.0,green,24.5,green,98.0,green,23.0,green,99.0,green,21.5,green,98.0,green,20.5,green,94.0,green,23.5,green,99.0,green,24.0,green,99.0
145,2021-05-15,green,23.5,green,99.0,green,22.0,green,98.0,green,21.5,green,99.0,green,23.5,green,98.0,green,25.5,green,98.0,green,23.0,green,98.0,green,23.0,green,99.0,green,20.5,green,95.0,green,22.5,green,99.0,green,23.5,green,99.0
146,2021-05-16,green,23.0,green,99.0,green,22.0,green,97.0,green,21.5,green,98.0,green,24.5,green,99.0,green,25.0,green,97.0,green,23.5,green,99.0,green,22.5,green,99.0,green,21.0,green,98.0,green,24.0,green,99.0,green,24.0,green,99.0
147,2021-05-17,green,22.5,green,97.0,green,21.5,green,96.0,green,22.0,green,94.0,green,24.0,green,99.0,green,25.0,green,99.0,green,23.0,green,98.0,green,22.5,green,95.0,green,21.0,green,94.0,green,24.0,green,98.0,green,24.0,green,98.0
148,2021-05-18,green,22.5,green,99.0,green,21.5,green,95.0,green,22.0,green,91.0,green,24.5,green,97.0,green,25.0,green,99.0,green,23.0,green,99.0,green,21.5,green,98.0,green,21.0,green,96.0,green,24.0,green,98.0,green,24.0,green,99.0
149,2021-05-19,green,23.0,green,99.0,green,22.5,green,96.0,green,22.5,green,96.0,green,25.0,green,99.0,green,25.5,green,98.0,green,24.0,green,99.0,green,22.5,green,97.0,green,22.5,green,97.0,green,25.5,green,99.0,green,24.5,green,99.0
150,2021-05-20,yellow,24.5,green,98.0,yellow,24.5,green,97.0,yellow,24.5,green,98.0,yellow,26.5,green,96.0,yellow,27.0,green,98.0,yellow,25.5,green,98.0,yellow,24.5,green,98.0,yellow,24.5,green,95.0,green,26.5,green,98.0,green,26.0,green,97.0
151,2021-05-21,green,24.0,green,99.0,green,24.5,green,98.0,green,24.5,green,97.0,green,26.5,green,99.0,green,26.5,green,99.0,green,25.5,green,97.0,green,24.0,green,99.0,green,24.0,green,93.0,green,26.5,green,99.0,green,25.5,green,98.0
152,2021-05-22,green,23.5,green,98.0,green,24.0,green,99.0,green,23.5,green,96.0,green,26.0,green,99.0,green,26.0,green,99.0,green,25.0,green,96.0,green,23.5,green,99.0,green,23.5,green,90.0,green,26.0,green,99.0,green,25.0,green,98.0
153,2021-05-23,yellow,25.0,green,99.0,yellow,25.0,green,98.0,yellow,25.0,green,96.0,yellow,27.0,green,99.0,yellow,27.5,green,98.0,yellow,26.0,green,98.0,yellow,25.0,green,98.0,yellow,24.5,green,96.0,yellow,27.0,green,99.0,yellow,26.5,green,99.0
154,2021-05-24,yellow,25.5,green,94.0,yellow,26.0,green,98.0,yellow,25.5,green,98.0,yellow,27.5,green,98.0,yellow,28.0,green,98.0,yellow,26.5,green,97.0,yellow,26.0,green,98.0,yellow,25.5,green,91.0,yellow,27.5,green,99.0,yellow,27.0,green,98.0
155,2021-05-25,yellow,24.5,green,98.0,yellow,24.5,green,98.0,yellow,24.5,green,95.0,yellow,26.5,green,99.0,yellow,26.5,green,98.0,green,25.5,green,98.0,green,24.5,green,97.0,yellow,24.5,green,87.0,green,26.5,green,99.0,green,25.5,green,99.0
156,2021-05-26,red,24.0,green,99.0,red,24.5,green,99.0,red,24.5,green,97.0,yellow,26.5,green,99.0,red,26.5,green,97.0,yellow,25.5,green,98.0,red,24.0,green,97.0,red,24.0,green,92.0,yellow,26.5,green,99.0,yellow,26.0,green,98.0
157,2021-05-27,green,22.0,green,98.0,green,22.0,green,99.0,green,22.0,green,96.0,green,24.5,green,99.0,green,24.5,green,98.0,green,23.5,green,99.0,green,22.0,green,98.0,green,21.5,green,93.0,green,25.0,green,99.0,green,24.0,green,96.0
158,2021-05-28,green,23.5,green,97.0,green,20.0,green,99.0,green,22.0,green,98.0,green,22.5,green,99.0,green,25.5,green,98.0,green,23.5,green,98.0,green,23.0,green,99.0,green,20.5,green,93.0,green,22.0,green,98.0,green,23.0,green,95.0
159,2021-05-29,green,23.0,green,99.0,yellow,18.0,green,96.0,green,20.5,green,97.0,yellow,21.5,green,99.0,green,25.0,green,98.0,green,23.0,green,99.0,green,20.5,green,98.0,green,20.5,green,92.0,green,22.5,green,99.0,green,23.5,green,96.0
160,2021-05-30,green,22.0,green,97.0,green,19.0,green,99.0,green,21.0,green,99.0,green,22.0,green,99.0,green,24.5,green,97.0,green,22.5,green,96.0,green,21.5,green,98.0,green,20.5,green,93.0,green,23.5,green,99.0,green,24.0,green,98.0
161,2021-05-31,green,21.5,green,95.0,green,20.0,green,98.0,green,20.5,green,96.0,green,23.5,green,99.0,green,25.0,green,97.0,green,23.0,green,99.0,green,22.0,green,95.0,green,21.0,green,95.0,green,23.5,green,97.0,green,23.5,green,98.0
162,2021-06-01,green,22.0,green,98.0,green,21.0,green,99.0,green,21.0,green,99.0,green,24.0,green,99.0,green,25.0,green,99.0,green,23.5,green,99.0,green,22.5,green,99.0,green,21.5,green,96.0,green,24.0,green,99.0,green,23.5,green,99.0
163,2021-06-02,green,22.0,green,99.0,yellow,21.5,green,96.0,green,21.5,green,98.0,green,24.5,green,99.0,green,25.0,green,98.0,green,23.5,green,98.0,green,23.0,green,97.0,green,22.0,green,94.0,green,24.5,green,99.0,green,24.0,green,96.0
164,2021-06-03,yellow,24.0,green,98.0,red,23.5,green,97.0,yellow,23.5,green,97.0,yellow,26.0,green,99.0,yellow,26.5,green,99.0,yellow,25.0,green,99.0,yellow,24.5,green,98.0,yellow,24.0,green,97.0,yellow,26.0,green,99.0,yellow,25.5,green,98.0
165,2021-06-04,yellow,25.0,green,97.0,yellow,25.0,green,99.0,yellow,25.0,green,97.0,yellow,27.0,green,99.0,yellow,27.5,green,96.0,yellow,26.0,green,98.0,yellow,25.5,green,99.0,yellow,25.0,green,89.0,yellow,27.0,green,99.0,yellow,26.5,green,96.0
166,2021-06-05,yellow,25.5,green,98.0,yellow,26.0,green,97.0,yellow,26.0,green,93.0,yellow,27.5,green,99.0,yellow,28.0,green,97.0,yellow,27.0,green,97.0,yellow,26.0,green,98.0,yellow,25.5,green,94.0,yellow,28.0,green,99.0,yellow,27.0,green,98.0
167,2021-06-06,yellow,25.5,green,98.0,yellow,25.5,green,96.0,yellow,25.5,green,94.0,green,27.0,green,97.0,yellow,27.5,green,99.0,yellow,26.5,green,98.0,yellow,25.0,green,95.0,yellow,25.0,green,91.0,green,27.5,green,99.0,yellow,26.5,green,98.0
168,2021-06-07,green,24.5,green,99.0,green,25.0,green,97.0,green,25.0,green,93.0,green,26.5,green,99.0,green,27.0,green,96.0,green,26.0,green,97.0,green,25.0,green,99.0,green,24.5,green,97.0,green,27.0,green,97.0,green,26.0,green,95.0
169,2021-06-08,yellow,24.5,green,98.0,yellow,25.0,green,95.0,yellow,25.0,green,93.0,yellow,26.5,green,99.0,yellow,27.0,green,97.0,yellow,26.0,green,96.0,yellow,25.0,green,98.0,yellow,25.0,green,94.0,yellow,27.0,green,99.0,yellow,26.5,green,95.0
170,2021-06-09,yellow,25.0,green,98.0,yellow,25.0,green,96.0,yellow,25.0,green,95.0,yellow,26.5,green,98.0,yellow,27.0,green,99.0,yellow,26.0,green,96.0,yellow,25.0,green,97.0,yellow,25.0,green,93.0,yellow,27.0,green,98.0,yellow,26.5,green,95.0
171,2021-06-10,yellow,26.5,green,98.0,yellow,27.0,green,94.0,yellow,26.5,green,92.0,yellow,28.0,green,99.0,yellow,28.5,green,97.0,yellow,27.5,green,98.0,yellow,26.5,green,99.0,yellow,26.5,green,92.0,yellow,28.5,green,99.0,yellow,27.5,green,95.0
172,2021-06-11,yellow,27.5,green,96.0,yellow,28.0,green,96.0,red,28.0,green,89.0,yellow,29.5,green,99.0,yellow,29.5,green,97.0,yellow,28.5,green,98.0,yellow,28.0,green,98.0,yellow,28.0,green,90.0,yellow,29.5,green,99.0,yellow,28.5,green,95.0
173,2021-06-12,yellow,28.0,green,97.0,yellow,29.0,green,93.0,yellow,28.5,green,91.0,yellow,30.0,green,99.0,yellow,30.5,green,97.0,yellow,29.5,green,95.0,yellow,28.5,green,98.0,yellow,28.5,green,93.0,yellow,30.0,green,99.0,yellow,29.0,green,96.0
174,2021-06-13,red,25.5,green,90.0,red,26.0,green,95.0,red,26.0,green,92.0,yellow,27.5,green,97.0,red,28.0,green,98.0,red,26.5,green,96.0,red,25.5,green,98.0,red,25.5,green,93.0,red,27.5,green,99.0,red,26.5,green,96.0
175,2021-06-14,yellow,25.0,green,96.0,yellow,25.5,green,93.0,yellow,25.0,green,95.0,yellow,27.0,green,98.0,yellow,27.5,green,98.0,yellow,26.5,green,98.0,yellow,25.0,green,96.0,yellow,25.0,green,89.0,yellow,27.0,green,99.0,yellow,26.0,green,98.0
176,2021-06-15,yellow,25.0,green,94.0,yellow,24.5,green,95.0,blue,20.5,blue,,yellow,26.5,green,99.0,yellow,27.0,green,96.0,yellow,26.0,green,95.0,yellow,25.5,green,93.0,blue,21.0,blue,,yellow,26.5,green,99.0,yellow,26.0,green,97.0
177,2021-06-16,yellow,24.0,green,96.0,red,23.5,green,95.0,blue,,blue,,yellow,25.5,green,96.0,yellow,26.5,green,99.0,red,25.0,green,93.0,red,24.5,green,96.0,blue,,blue,,yellow,26.0,green,99.0,yellow,25.0,green,98.0
178,2021-06-17,yellow,27.0,green,97.0,yellow,27.0,green,94.0,blue,,blue,,yellow,28.0,green,99.0,yellow,29.0,green,99.0,yellow,27.5,green,95.0,yellow,27.0,green,94.0,blue,,blue,,yellow,28.5,green,99.0,yellow,28.0,green,93.0
179,2021-06-18,yellow,28.5,green,98.0,yellow,29.5,green,86.0,blue,,blue,,yellow,30.0,green,99.0,yellow,30.5,green,99.0,yellow,30.0,green,95.0,yellow,29.5,green,94.0,blue,,blue,,yellow,30.5,green,99.0,yellow,30.0,green,97.0
180,2021-06-19,green,24.0,green,98.0,green,24.0,green,94.0,blue,,blue,,green,25.5,green,99.0,green,26.0,green,98.0,green,25.5,green,97.0,green,24.0,green,96.0,blue,,blue,,green,26.0,green,99.0,green,25.5,green,96.0
181,2021-06-20,green,25.5,green,97.0,green,26.0,green,96.0,blue,,blue,,green,27.0,green,99.0,green,27.5,green,99.0,green,27.0,green,96.0,green,26.0,green,98.0,blue,,blue,,green,27.5,green,99.0,green,27.0,green,97.0
182,2021-06-21,green,22.0,green,93.0,green,22.5,green,90.0,blue,,blue,,green,23.0,green,97.0,green,24.0,green,98.0,green,23.5,green,95.0,green,22.5,green,93.0,blue,,blue,,green,24.0,green,98.0,green,23.5,green,94.0
183,2021-06-22,green,21.5,green,95.0,green,21.5,green,95.0,blue,,blue,,green,22.0,green,99.0,green,23.5,green,98.0,green,23.5,green,96.0,green,23.5,green,95.0,blue,,blue,,green,23.0,green,99.0,green,23.0,green,95.0
184,2021-06-23,yellow,23.5,green,99.0,yellow,24.5,green,98.0,blue,,blue,,yellow,25.0,green,99.0,yellow,25.5,green,99.0,yellow,25.5,green,96.0,yellow,25.0,green,98.0,blue,,blue,,yellow,25.5,green,98.0,yellow,25.5,green,98.0
185,2021-06-24,green,22.0,green,97.0,green,22.5,green,96.0,blue,,blue,,green,23.5,green,99.0,green,24.5,green,99.0,green,24.0,green,97.0,green,22.5,green,96.0,blue,,blue,,green,24.5,green,99.0,green,23.5,green,97.0
186,2021-06-25,yellow,23.5,green,99.0,yellow,24.5,green,96.0,blue,,blue,,yellow,25.0,green,99.0,yellow,26.0,green,99.0,yellow,25.5,green,99.0,yellow,24.0,green,97.0,blue,,blue,,yellow,26.0,green,99.0,yellow,25.0,green,96.0
187,2021-06-26,green,24.5,green,95.0,green,25.0,green,96.0,blue,,blue,,green,26.0,green,99.0,green,26.5,green,99.0,green,26.0,green,99.0,green,25.0,green,96.0,blue,,blue,,green,26.5,green,99.0,green,25.5,green,98.0
188,2021-06-27,green,24.5,green,98.0,yellow,25.0,green,96.0,blue,,blue,,green,26.0,green,99.0,yellow,26.5,green,99.0,yellow,26.0,green,97.0,yellow,25.0,green,98.0,blue,,blue,,yellow,26.5,green,99.0,yellow,25.5,green,98.0
189,2021-06-28,green,24.0,green,99.0,green,25.0,green,94.0,blue,,blue,,green,25.5,green,99.0,green,26.0,green,99.0,green,25.5,green,99.0,green,24.5,green,95.0,blue,,blue,,green,26.0,green,99.0,green,25.5,green,95.0
190,2021-06-29,green,24.5,green,99.0,yellow,25.5,green,97.0,blue,,blue,,green,26.0,green,96.0,green,26.5,green,99.0,green,26.0,green,99.0,green,25.5,green,99.0,blue,,blue,,green,26.5,green,99.0,green,26.0,green,97.0
191,2021-06-30,green,23.0,green,97.0,green,24.0,green,97.0,blue,,blue,,green,24.5,green,98.0,green,25.0,green,99.0,green,24.5,green,99.0,green,24.0,green,99.0,blue,,blue,,green,25.0,green,99.0,green,24.0,green,96.0
192,2021-07-01,yellow,23.5,green,99.0,yellow,24.5,green,99.0,blue,,blue,,yellow,24.5,green,97.0,yellow,25.5,green,99.0,yellow,25.0,green,98.0,yellow,24.5,green,96.0,blue,,blue,,yellow,25.0,green,99.0,yellow,24.5,green,98.0
193,2021-07-02,green,21.0,green,98.0,yellow,21.0,green,99.0,blue,,blue,,green,22.0,green,99.0,green,23.0,green,98.0,green,22.5,green,98.0,green,23.5,green,97.0,blue,,blue,,green,23.0,green,97.0,green,22.5,green,97.0
194,2021-07-03,yellow,22.0,green,98.0,yellow,22.0,green,99.0,blue,,blue,,green,23.0,green,99.0,yellow,24.0,green,98.0,green,23.0,green,98.0,yellow,24.0,green,98.0,blue,,blue,,yellow,23.5,green,99.0,green,23.0,green,98.0
195,2021-07-04,yellow,24.0,green,97.0,yellow,24.5,green,98.0,blue,,blue,,yellow,25.0,green,98.0,yellow,26.0,green,99.0,yellow,25.5,green,99.0,yellow,26.0,green,97.0,blue,,blue,,yellow,25.5,green,99.0,yellow,25.5,green,98.0
196,2021-07-05,yellow,25.0,green,99.0,yellow,26.0,green,98.0,blue,,blue,,yellow,26.0,green,99.0,yellow,27.0,green,99.0,yellow,26.5,green,99.0,yellow,26.5,green,97.0,blue,,blue,,yellow,26.5,green,96.0,yellow,26.5,green,99.0
197,2021-07-06,yellow,25.5,green,99.0,yellow,26.0,green,99.0,blue,,blue,,green,63.5,green,99.0,yellow,27.0,green,99.0,yellow,26.5,green,99.0,yellow,26.0,green,97.0,blue,,blue,,yellow,26.5,green,99.0,yellow,26.0,green,99.0
198,2021-07-07,yellow,25.5,green,99.0,yellow,26.5,green,99.0,blue,,blue,,yellow,122.5,green,97.0,yellow,27.0,green,99.0,yellow,27.0,green,99.0,yellow,26.5,green,98.0,blue,,blue,,yellow,27.0,green,99.0,yellow,26.5,green,97.0
199,2021-07-08,green,22.0,green,99.0,green,22.5,green,99.0,blue,,blue,,green,23.0,green,99.0,green,24.0,green,98.0,green,23.0,green,99.0,green,22.5,green,98.0,blue,,blue,,green,23.5,green,99.0,green,23.0,green,99.0
200,2021-07-09,yellow,20.0,green,99.0,yellow,20.5,green,99.0,blue,,blue,,yellow,21.0,green,99.0,yellow,21.5,green,99.0,yellow,21.0,green,97.0,yellow,21.0,green,98.0,blue,,blue,,yellow,21.0,green,99.0,yellow,21.0,green,99.0
201,2021-07-10,green,20.0,green,99.0,green,21.0,green,99.0,blue,,blue,,green,21.0,green,98.0,green,21.5,green,99.0,green,21.0,green,98.0,green,20.5,green,97.0,blue,,blue,,green,21.0,green,98.0,green,20.5,green,98.0
202,2021-07-11,green,20.5,green,98.0,green,21.5,green,98.0,blue,,blue,,green,21.5,green,99.0,green,22.5,green,98.0,green,21.5,green,99.0,green,21.5,green,99.0,blue,,blue,,green,22.0,green,98.0,green,21.5,green,98.0
203,2021-07-12,green,20.5,green,99.0,green,21.5,green,98.0,blue,,blue,,green,21.0,green,99.0,green,22.0,green,97.0,green,21.5,green,98.0,green,21.0,green,97.0,blue,,blue,,green,21.5,green,99.0,green,20.5,green,98.0
204,2021-07-13,green,21.5,green,98.0,green,22.5,green,99.0,blue,,blue,,green,22.0,green,99.0,green,23.0,green,97.0,yellow,23.0,green,98.0,yellow,22.5,green,99.0,blue,,blue,,green,23.0,green,99.0,green,22.5,green,99.0
205,2021-07-14,green,24.0,green,99.0,green,25.0,green,99.0,blue,,blue,,green,24.0,green,99.0,green,25.5,green,96.0,green,24.5,green,99.0,yellow,25.0,green,99.0,blue,,blue,,green,25.0,green,98.0,green,24.5,green,97.0
206,2021-07-15,green,23.0,green,99.0,green,24.0,green,99.0,blue,,blue,,green,24.0,green,99.0,green,25.0,green,99.0,green,23.5,green,99.0,green,23.5,green,99.0,blue,,blue,,green,23.5,green,99.0,green,23.0,green,96.0
207,2021-07-16,green,22.0,green,99.0,green,22.5,green,96.0,blue,,blue,,green,22.5,green,99.0,green,23.5,green,98.0,green,22.5,green,99.0,green,22.5,green,99.0,blue,,blue,,green,22.5,green,98.0,green,22.5,green,98.0
208,2021-07-17,yellow,22.5,green,96.0,yellow,23.0,green,99.0,blue,,blue,,yellow,23.0,green,99.0,yellow,24.0,green,99.0,yellow,23.0,green,99.0,yellow,23.0,green,99.0,blue,,blue,,yellow,23.5,green,99.0,yellow,23.0,green,99.0
209,2021-07-18,yellow,23.0,green,98.0,yellow,24.0,green,99.0,blue,,blue,,yellow,24.0,green,96.0,yellow,25.0,green,99.0,yellow,24.0,green,99.0,yellow,24.0,green,97.0,blue,,blue,,yellow,24.5,green,98.0,yellow,24.0,green,99.0
210,2021-07-19,blue,24.0,green,99.0,blue,25.0,green,99.0,blue,,blue,,blue,24.5,green,99.0,blue,26.0,green,99.0,blue,26.0,green,96.0,blue,27.0,green,96.0,blue,,blue,,yellow,25.5,green,99.0,green,25.5,green,95.0
211,2021-07-20,green,25.5,green,99.0,green,26.5,green,99.0,blue,,blue,,green,26.0,green,99.0,green,27.5,green,99.0,green,28.5,green,89.0,green,31.0,green,89.0,blue,,blue,,green,28.0,green,99.0,green,29.0,green,92.0
212,2021-07-21,green,26.0,green,98.0,green,27.0,green,98.0,blue,,blue,,green,26.5,green,98.0,green,28.0,green,97.0,green,29.0,green,97.0,green,31.0,green,99.0,blue,,blue,,green,28.5,green,98.0,green,29.0,green,99.0
213,2021-07-22,green,27.0,green,99.0,green,28.0,green,98.0,blue,,blue,,green,27.5,green,99.0,green,28.5,green,99.0,green,30.0,green,99.0,green,32.0,green,99.0,blue,,blue,,yellow,29.0,green,98.0,yellow,29.5,green,99.0
214,2021-07-23,green,27.5,green,96.0,green,28.5,green,99.0,blue,,blue,,green,28.0,green,99.0,green,29.0,green,99.0,yellow,30.0,green,96.0,yellow,31.0,green,92.0,blue,,blue,,yellow,29.5,green,99.0,green,30.0,green,99.0
215,2021-07-24,green,28.5,green,99.0,green,29.0,green,99.0,blue,,blue,,yellow,29.0,green,98.0,green,30.0,green,99.0,yellow,30.5,green,99.0,yellow,30.0,green,99.0,blue,,blue,,yellow,30.0,green,98.0,yellow,30.5,green,99.0
216,2021-07-25,green,27.5,green,99.0,green,28.5,green,99.0,blue,,blue,,yellow,28.5,green,98.0,green,29.5,green,99.0,yellow,29.5,green,97.0,yellow,29.0,green,99.0,blue,,blue,,yellow,29.5,green,99.0,green,29.5,green,99.0
217,2021-07-26,blue,27.0,green,99.0,blue,28.0,green,99.0,blue,,blue,,blue,27.5,green,99.0,blue,29.0,green,99.0,blue,30.0,green,98.0,blue,29.0,green,97.0,blue,,blue,,blue,29.5,green,98.0,blue,30.0,green,99.0
218,2021-07-27,blue,26.5,green,98.0,blue,27.0,green,99.0,blue,,blue,,blue,27.5,green,99.0,blue,28.5,green,99.0,blue,29.5,green,96.0,blue,28.0,green,94.0,blue,,blue,,blue,29.5,green,99.0,blue,29.5,green,99.0
219,2021-07-28,blue,27.0,green,99.0,blue,27.5,green,98.0,blue,,blue,,blue,27.5,green,96.0,blue,29.0,green,98.0,blue,29.5,green,96.0,blue,28.5,green,96.0,blue,,blue,,blue,29.0,green,99.0,blue,29.5,green,99.0
220,2021-07-29,blue,27.5,green,99.0,blue,28.0,green,98.0,blue,,blue,,blue,28.0,green,99.0,blue,29.0,green,99.0,blue,29.0,green,99.0,blue,28.0,green,98.0,blue,,blue,,blue,28.5,green,99.0,blue,28.5,green,99.0
221,2021-07-30,green,26.0,green,94.0,green,26.5,green,98.0,blue,,blue,,green,26.5,green,98.0,blue,28.0,green,94.0,green,26.5,green,98.0,green,25.5,green,93.0,blue,,blue,,blue,26.5,green,99.0,green,26.0,green,97.0
222,2021-07-31,green,25.5,green,92.0,green,27.0,green,90.0,blue,,blue,,green,25.5,green,93.0,green,28.0,green,93.0,green,21.5,green,94.0,green,21.0,green,99.0,blue,,blue,,green,21.5,green,98.0,green,21.5,green,92.0
223,2021-08-01,green,26.5,green,87.0,green,27.0,green,85.0,blue,,blue,,green,26.5,green,94.0,green,28.5,green,92.0,green,24.0,green,97.0,green,22.5,green,99.0,blue,,blue,,green,24.0,green,95.0,green,24.0,green,86.0
224,2021-08-02,green,26.0,green,96.0,green,27.0,green,93.0,blue,,blue,,green,26.0,green,96.0,green,28.0,green,91.0,green,23.5,green,98.0,green,22.0,green,95.0,blue,,blue,,green,23.5,green,98.0,green,23.5,green,94.0
225,2021-08-03,green,26.0,green,93.0,green,27.5,green,88.0,blue,,blue,,green,26.5,green,94.0,green,28.5,green,92.0,green,24.0,green,98.0,green,22.5,green,94.0,blue,,blue,,green,25.0,green,98.0,yellow,24.0,green,92.0
226,2021-08-04,green,27.0,green,96.0,green,28.5,green,90.0,blue,,blue,,green,27.0,green,97.0,green,29.0,green,97.0,yellow,26.0,green,97.0,green,24.5,green,97.0,blue,,blue,,red,29.5,green,94.0,yellow,27.5,green,94.0
227,2021-08-05,green,26.5,green,94.0,green,28.0,green,88.0,blue,,blue,,green,27.0,green,98.0,green,29.0,green,97.0,yellow,27.0,green,98.0,green,25.0,green,96.0,blue,,blue,,red,29.0,green,98.0,yellow,28.5,green,90.0
228,2021-08-06,green,26.0,green,95.0,green,28.0,green,95.0,blue,,blue,,green,26.5,green,98.0,green,28.5,green,98.0,yellow,29.0,green,96.0,green,25.5,green,87.0,blue,,blue,,red,29.5,green,96.0,yellow,30.0,green,93.0
229,2021-08-07,green,28.0,green,98.0,green,29.5,green,93.0,blue,,blue,,green,28.0,green,98.0,green,30.0,green,98.0,green,31.0,green,92.0,green,28.0,green,93.0,blue,,blue,,green,32.0,green,96.0,green,33.0,green,85.0
230,2021-08-08,green,28.0,green,94.0,green,28.5,green,93.0,blue,,blue,,green,28.0,green,98.0,green,30.0,green,94.0,green,30.0,green,95.0,green,27.5,green,92.0,blue,,blue,,green,31.5,green,96.0,green,32.0,green,82.0
231,2021-08-09,green,27.5,green,96.0,green,28.0,green,96.0,blue,,blue,,green,28.0,green,95.0,green,29.5,green,95.0,green,30.5,green,94.0,green,27.5,green,95.0,blue,,blue,,green,31.5,green,96.0,green,32.5,green,89.0
232,2021-08-10,green,29.0,green,94.0,green,29.5,green,96.0,blue,,blue,,green,30.0,green,99.0,green,31.5,green,98.0,green,32.0,green,93.0,green,28.5,green,93.0,blue,,blue,,green,32.5,green,99.0,green,34.0,green,91.0
233,2021-08-11,green,28.0,green,94.0,green,28.5,green,94.0,blue,,blue,,green,29.0,green,99.0,green,30.5,green,98.0,yellow,31.0,green,95.0,green,28.0,green,95.0,blue,,blue,,yellow,31.5,green,98.0,yellow,33.5,green,91.0
234,2021-08-12,green,25.5,green,95.0,green,26.5,green,92.0,blue,,blue,,green,26.5,green,99.0,green,28.0,green,92.0,green,28.5,green,98.0,green,26.0,green,95.0,blue,,blue,,green,29.0,green,96.0,green,30.5,green,94.0
235,2021-08-13,green,25.5,green,93.0,green,26.0,green,90.0,blue,,blue,,green,26.0,green,98.0,green,27.5,green,92.0,green,28.5,green,97.0,green,25.5,green,93.0,blue,,blue,,green,29.0,green,95.0,green,30.0,green,96.0
236,2021-08-14,green,25.0,green,94.0,green,25.0,green,83.0,blue,,blue,,green,25.0,green,98.0,green,27.0,green,89.0,green,28.0,green,97.0,green,24.5,green,95.0,blue,,blue,,green,28.5,green,99.0,yellow,29.5,green,96.0
237,2021-08-15,green,24.0,green,95.0,green,24.0,green,94.0,blue,,blue,,yellow,24.0,green,96.0,green,26.5,green,94.0,green,27.5,green,97.0,green,24.0,green,94.0,blue,,blue,,green,28.0,green,96.0,green,29.0,green,87.0
238,2021-08-16,green,24.0,green,96.0,green,24.5,green,91.0,blue,,blue,,green,24.5,green,98.0,green,26.5,green,93.0,green,27.0,green,97.0,green,24.5,green,93.0,blue,,blue,,green,27.0,green,95.0,green,27.0,green,88.0
239,2021-08-17,green,25.5,green,99.0,green,25.5,green,79.0,blue,,blue,,green,26.0,green,98.0,green,28.0,green,94.0,green,26.5,green,97.0,green,25.5,green,97.0,blue,,blue,,green,27.0,green,92.0,green,26.5,green,90.0
240,2021-08-18,green,26.5,green,95.0,green,27.0,green,87.0,blue,,blue,,yellow,27.0,green,94.0,green,29.0,green,98.0,green,27.5,green,98.0,green,27.0,green,99.0,blue,,blue,,green,28.0,green,95.0,green,27.5,green,86.0
241,2021-08-19,green,26.5,green,94.0,green,27.0,green,85.0,blue,,blue,,yellow,27.0,green,97.0,green,29.0,green,96.0,green,27.5,green,96.0,green,27.0,green,98.0,blue,,blue,,green,28.0,green,95.0,green,27.5,green,95.0
242,2021-08-20,green,26.5,green,94.0,green,27.0,green,88.0,blue,,blue,,green,27.5,green,99.0,green,29.0,green,99.0,green,28.0,green,99.0,green,27.5,green,99.0,blue,,blue,,green,28.0,green,96.0,green,27.5,green,96.0
243,2021-08-21,green,26.0,green,88.0,green,26.5,green,90.0,blue,,blue,,green,27.0,green,98.0,green,28.5,green,98.0,green,27.5,green,98.0,green,27.0,green,98.0,blue,,blue,,green,27.5,green,97.0,green,27.5,green,93.0
244,2021-08-22,green,26.0,green,88.0,green,26.0,green,92.0,blue,,blue,,yellow,27.0,green,99.0,green,29.0,green,98.0,green,27.0,green,97.0,green,26.0,green,96.0,blue,,blue,,green,27.5,green,94.0,green,27.0,green,92.0
245,2021-08-23,green,26.0,green,95.0,green,26.5,green,92.0,blue,,blue,,green,26.5,green,99.0,green,28.5,green,98.0,green,27.0,green,97.0,green,26.5,green,96.0,blue,,blue,,green,27.5,green,93.0,green,27.0,green,93.0
246,2021-08-24,yellow,27.5,green,94.0,yellow,28.0,green,89.0,blue,,blue,,yellow,28.5,green,99.0,yellow,30.0,green,99.0,yellow,29.0,green,99.0,yellow,28.5,green,97.0,blue,,blue,,yellow,29.0,green,96.0,yellow,28.5,green,98.0
247,2021-08-25,yellow,27.0,green,98.0,yellow,28.0,green,88.0,blue,,blue,,yellow,28.0,green,99.0,yellow,29.5,green,99.0,yellow,28.5,green,98.0,yellow,28.0,green,98.0,blue,,blue,,yellow,28.5,green,96.0,yellow,28.5,green,98.0
248,2021-08-26,green,26.0,green,97.0,green,27.0,green,90.0,blue,,blue,,green,27.0,green,99.0,green,28.5,green,99.0,green,27.5,green,98.0,green,27.0,green,95.0,blue,,blue,,green,27.5,green,99.0,green,27.5,green,98.0
249,2021-08-27,yellow,27.0,green,97.0,yellow,27.5,green,95.0,blue,,blue,,yellow,27.5,green,98.0,green,29.5,green,97.0,yellow,28.0,green,98.0,yellow,27.5,green,98.0,blue,,blue,,yellow,28.5,green,99.0,green,28.0,green,98.0
250,2021-08-28,green,27.0,green,99.0,green,28.0,green,95.0,blue,,blue,,green,28.5,green,99.0,green,29.0,green,99.0,green,28.5,green,98.0,green,28.0,green,98.0,blue,,blue,,green,28.5,green,98.0,green,28.0,green,98.0
251,2021-08-29,yellow,26.5,green,98.0,yellow,27.5,green,95.0,blue,,blue,,yellow,28.0,green,98.0,yellow,29.0,green,99.0,yellow,28.0,green,93.0,yellow,27.5,green,95.0,blue,,blue,,yellow,28.0,green,99.0,green,28.0,green,99.0
252,2021-08-30,green,25.0,green,97.0,green,26.0,green,99.0,green,,blue,,green,26.5,green,99.0,green,27.5,green,97.0,green,26.5,green,93.0,green,26.0,green,95.0,blue,,blue,,green,27.0,green,99.0,green,26.5,green,97.0
253,2021-08-31,green,24.0,green,98.0,green,25.0,green,97.0,green,26.5,blue,,green,25.5,green,98.0,green,27.0,green,98.0,green,26.0,green,94.0,green,25.0,green,95.0,blue,,blue,,green,26.0,green,99.0,green,25.5,green,97.0
254,2021-09-01,green,24.5,green,95.0,green,24.5,green,97.0,green,25.5,green,89.0,green,25.0,green,99.0,green,27.0,green,93.0,green,25.5,green,96.0,green,24.5,green,97.0,blue,,blue,,green,26.0,green,99.0,green,26.0,green,97.0
255,2021-09-02,green,23.5,green,96.0,green,24.0,green,91.0,green,25.0,green,86.0,green,23.5,green,96.0,green,26.0,green,80.0,green,25.0,green,91.0,green,24.0,green,95.0,blue,,blue,,green,25.0,green,97.0,green,25.0,green,94.0
256,2021-09-03,green,23.5,green,95.0,green,24.0,green,91.0,green,25.0,green,86.0,green,23.5,green,97.0,green,26.0,green,90.0,green,25.0,green,92.0,green,24.5,green,90.0,blue,,blue,,green,25.0,green,96.0,green,25.0,green,95.0
257,2021-09-04,green,23.5,green,91.0,green,25.0,green,91.0,green,25.5,green,87.0,green,25.0,green,99.0,green,26.5,green,93.0,green,25.5,green,94.0,green,25.5,green,81.0,blue,,blue,,green,25.5,green,96.0,green,25.5,green,96.0
258,2021-09-05,green,24.0,green,93.0,green,24.5,green,91.0,green,25.5,green,89.0,green,24.5,green,95.0,green,27.0,green,93.0,green,25.5,green,87.0,green,24.5,green,89.0,blue,,blue,,green,26.0,green,98.0,green,25.5,green,97.0
259,2021-09-06,yellow,25.0,green,92.0,green,25.5,green,92.0,green,26.5,green,84.0,yellow,25.5,green,99.0,green,27.5,green,97.0,green,26.0,green,92.0,green,25.5,green,83.0,blue,,blue,,green,26.5,green,99.0,green,26.0,green,93.0
260,2021-09-07,yellow,25.5,green,86.0,yellow,26.5,green,91.0,yellow,27.0,green,79.0,yellow,26.5,green,99.0,green,28.0,green,96.0,yellow,27.0,green,95.0,yellow,26.5,green,85.0,yellow,27.5,blue,,yellow,27.0,green,98.0,green,26.5,green,97.0
261,2021-09-08,green,24.0,green,80.0,green,24.0,green,92.0,green,25.0,green,78.0,yellow,24.0,green,97.0,green,26.5,green,91.0,green,25.0,green,86.0,green,24.0,green,75.0,green,24.0,green,90.0,green,25.0,green,99.0,green,25.0,green,85.0
262,2021-09-09,green,24.0,green,84.0,green,24.0,green,88.0,green,25.0,green,72.0,yellow,23.5,green,92.0,green,26.5,green,89.0,green,25.0,green,91.0,green,24.0,green,68.0,green,24.0,green,93.0,green,25.0,blue,,green,25.0,green,87.0
263,2021-09-10,green,24.5,green,85.0,green,25.0,green,81.0,green,26.0,yellow,53.0,green,24.5,green,97.0,green,27.0,green,92.0,green,25.5,green,94.0,green,25.0,green,73.0,green,24.5,green,91.0,green,26.0,green,97.0,green,25.5,green,91.0
264,2021-09-11,green,25.5,green,89.0,green,26.0,green,63.0,green,27.0,yellow,45.0,green,26.5,green,98.0,green,28.5,green,96.0,green,27.0,green,95.0,green,26.5,green,74.0,green,26.0,green,85.0,green,27.0,green,99.0,green,27.0,green,92.0
265,2021-09-12,yellow,25.5,green,88.0,green,26.5,yellow,54.0,green,27.5,red,37.0,yellow,27.0,green,96.0,green,28.5,green,97.0,green,27.0,green,94.0,green,27.0,green,73.0,green,26.0,green,86.0,green,27.5,green,99.0,green,27.0,green,95.0
266,2021-09-13,green,25.5,green,94.0,green,26.0,yellow,51.0,green,27.5,yellow,56.0,green,26.5,green,99.0,green,28.5,green,94.0,green,27.0,green,96.0,green,27.0,green,79.0,green,26.0,green,91.0,green,27.0,green,97.0,green,27.0,green,96.0
267,2021-09-14,green,25.5,green,95.0,green,26.5,yellow,55.0,green,27.5,green,73.0,green,27.0,green,97.0,green,28.0,green,94.0,green,27.0,green,95.0,green,27.0,green,82.0,green,26.0,green,90.0,green,27.0,green,99.0,green,27.0,green,93.0
268,2021-09-15,green,24.5,green,94.0,green,23.5,green,68.0,green,25.0,green,86.0,green,24.5,green,96.0,green,27.0,green,90.0,green,25.0,green,96.0,green,24.0,green,85.0,green,24.0,green,92.0,green,25.5,green,99.0,green,25.0,green,94.0
269,2021-09-16,yellow,24.0,green,95.0,green,25.0,green,76.0,green,25.5,green,90.0,yellow,24.5,green,99.0,green,27.0,green,93.0,green,25.0,green,94.0,green,24.5,green,86.0,green,24.5,green,93.0,green,25.5,green,99.0,green,25.0,green,88.0
270,2021-09-17,yellow,25.0,green,94.0,green,26.0,green,78.0,yellow,26.0,green,89.0,yellow,25.5,green,99.0,green,27.5,green,93.0,yellow,26.0,green,97.0,yellow,26.0,green,89.0,yellow,25.0,green,94.0,yellow,26.5,green,99.0,green,26.0,green,93.0
271,2021-09-18,yellow,25.0,green,97.0,yellow,26.5,green,86.0,yellow,27.0,green,93.0,yellow,26.5,green,99.0,green,28.0,green,88.0,yellow,26.5,green,94.0,yellow,26.5,green,91.0,yellow,25.5,green,95.0,yellow,27.0,green,98.0,green,26.5,green,92.0
272,2021-09-19,green,25.0,green,97.0,green,26.5,green,91.0,green,27.0,green,94.0,green,26.5,green,98.0,green,28.0,green,98.0,green,26.5,green,98.0,yellow,26.5,green,89.0,yellow,25.5,green,96.0,green,27.0,green,97.0,green,26.5,green,92.0
273,2021-09-20,green,25.5,green,98.0,yellow,26.5,green,95.0,green,27.5,green,95.0,green,27.0,green,98.0,green,28.0,green,97.0,yellow,26.5,green,98.0,yellow,26.5,green,96.0,yellow,26.0,green,96.0,green,27.0,green,99.0,green,26.5,green,97.0
274,2021-09-21,green,22.0,green,96.0,green,24.5,green,92.0,green,24.0,green,95.0,green,23.0,green,99.0,green,25.5,green,92.0,green,24.5,green,98.0,green,24.5,green,95.0,green,23.0,green,98.0,green,24.0,green,97.0,green,24.0,green,95.0
275,2021-09-22,green,22.0,green,97.0,green,23.5,green,95.0,green,24.0,green,96.0,green,21.5,green,98.0,green,25.0,green,92.0,green,23.5,green,98.0,green,23.0,green,95.0,green,23.0,green,98.0,green,23.5,green,98.0,green,23.5,green,96.0
276,2021-09-23,green,22.5,green,80.0,green,23.5,green,92.0,green,24.0,green,86.0,green,22.0,green,98.0,green,25.0,green,94.0,green,23.5,green,96.0,green,22.5,green,91.0,green,22.5,green,97.0,green,23.5,green,99.0,green,23.0,green,91.0
277,2021-09-24,green,23.0,green,86.0,green,24.0,green,93.0,green,25.0,green,84.0,yellow,23.0,green,99.0,green,26.0,green,95.0,green,24.0,green,97.0,green,23.5,green,88.0,green,23.5,green,95.0,green,24.0,green,96.0,green,24.0,green,97.0
278,2021-09-25,green,22.5,green,93.0,green,24.0,green,93.0,green,24.5,green,91.0,green,22.5,green,99.0,green,25.5,green,98.0,green,23.5,green,97.0,green,23.5,green,88.0,green,23.0,green,95.0,green,23.5,green,99.0,green,23.5,green,94.0
279,2021-09-26,green,23.5,green,96.0,green,24.5,green,97.0,green,25.5,green,92.0,green,24.0,green,99.0,green,26.5,green,96.0,green,25.0,green,99.0,green,24.5,green,87.0,green,24.0,green,95.0,green,25.0,green,98.0,green,24.5,green,97.0
280,2021-09-27,yellow,25.5,green,90.0,yellow,26.5,green,94.0,yellow,27.0,green,86.0,yellow,27.0,green,99.0,yellow,28.0,green,96.0,yellow,26.5,green,98.0,yellow,26.5,green,89.0,yellow,26.0,green,94.0,yellow,26.5,green,99.0,yellow,26.5,green,93.0
281,2021-09-28,yellow,24.5,green,92.0,yellow,25.5,green,95.0,yellow,26.0,green,87.0,green,26.0,green,98.0,green,27.0,green,98.0,yellow,25.5,green,98.0,yellow,25.0,green,89.0,yellow,24.5,green,93.0,yellow,25.5,green,99.0,green,25.5,green,96.0
282,2021-09-29,green,24.5,green,96.0,green,25.5,green,94.0,green,26.5,green,86.0,green,26.0,green,99.0,green,27.5,green,99.0,green,26.0,green,94.0,green,25.5,green,93.0,green,25.0,green,91.0,yellow,26.0,green,99.0,green,26.0,green,95.0
283,2021-09-30,green,24.5,green,96.0,green,25.5,green,90.0,green,26.5,green,87.0,green,26.0,green,99.0,green,27.0,green,98.0,yellow,25.5,green,96.0,yellow,25.5,green,94.0,green,25.0,green,91.0,yellow,26.0,green,99.0,green,26.0,green,88.0
284,2021-10-01,green,23.5,green,96.0,green,25.0,green,91.0,green,25.5,green,82.0,green,25.5,green,99.0,green,26.5,green,98.0,green,25.0,green,93.0,green,24.5,green,90.0,green,24.0,green,86.0,green,25.0,green,98.0,green,25.0,green,94.0
285,2021-10-02,green,23.5,green,95.0,green,24.0,green,90.0,green,25.0,green,91.0,green,25.5,green,98.0,green,26.0,green,98.0,green,24.5,green,90.0,green,24.0,green,90.0,green,23.5,green,84.0,green,24.5,green,99.0,green,25.0,green,96.0
286,2021-10-03,green,22.5,green,97.0,green,23.5,green,93.0,green,24.5,green,92.0,green,25.0,green,99.0,green,25.5,green,98.0,green,23.5,green,94.0,green,24.0,green,90.0,green,23.0,green,84.0,green,24.0,green,99.0,green,24.5,green,96.0
287,2021-10-04,green,22.0,green,98.0,green,23.5,green,94.0,green,24.0,green,98.0,green,24.0,green,98.0,green,25.5,green,98.0,green,23.5,green,97.0,green,23.0,green,95.0,green,22.5,green,88.0,green,23.5,green,98.0,green,24.0,green,92.0
288,2021-10-05,green,22.0,green,99.0,green,23.0,green,92.0,green,23.5,green,93.0,green,24.0,green,99.0,green,25.0,green,98.0,green,24.0,green,96.0,green,23.0,green,89.0,green,22.0,green,90.0,green,23.0,green,99.0,green,24.0,green,94.0
289,2021-10-06,green,22.0,green,98.0,green,23.0,green,96.0,green,23.5,green,94.0,green,24.0,green,97.0,green,25.0,green,98.0,green,24.0,green,98.0,green,23.0,green,89.0,green,22.0,green,90.0,green,23.5,green,96.0,green,24.0,green,97.0
290,2021-10-07,green,22.5,green,98.0,green,23.0,green,95.0,green,23.5,green,93.0,green,24.5,green,99.0,green,25.0,green,98.0,green,23.5,green,97.0,green,23.0,green,91.0,green,22.5,green,91.0,green,23.5,green,99.0,green,24.0,green,95.0
291,2021-10-08,green,22.5,green,98.0,green,23.5,green,96.0,green,24.5,green,96.0,green,24.5,green,99.0,green,25.5,green,98.0,green,24.0,green,98.0,green,23.5,green,93.0,green,22.5,green,91.0,green,24.0,green,99.0,green,24.0,green,95.0
292,2021-10-09,green,24.0,green,98.0,green,25.0,green,97.0,green,25.5,green,95.0,green,26.0,green,99.0,green,26.5,green,99.0,green,25.0,green,98.0,green,24.5,green,90.0,green,24.0,green,91.0,green,25.5,green,99.0,green,25.0,green,95.0
293,2021-10-10,yellow,24.5,green,99.0,yellow,24.5,green,93.0,yellow,25.5,green,89.0,green,26.5,green,96.0,green,26.5,green,98.0,yellow,25.5,green,95.0,yellow,24.5,green,92.0,yellow,24.5,green,89.0,green,26.0,green,99.0,green,25.5,green,98.0
294,2021-10-11,green,22.0,green,99.0,green,22.5,green,83.0,green,23.5,green,90.0,green,24.5,green,99.0,green,25.0,green,97.0,green,23.5,green,97.0,green,22.5,green,94.0,green,22.0,green,89.0,green,23.5,green,99.0,green,24.0,green,95.0
295,2021-10-12,green,21.5,green,99.0,green,23.0,green,78.0,green,23.5,green,93.0,green,23.5,green,96.0,green,24.5,green,99.0,green,23.5,green,96.0,green,22.5,green,88.0,green,22.0,green,89.0,green,23.0,green,98.0,green,23.5,green,91.0
296,2021-10-13,green,22.5,green,97.0,green,23.5,green,91.0,green,24.0,green,88.0,green,24.0,green,99.0,green,25.0,green,98.0,green,24.0,green,97.0,green,23.0,green,88.0,green,22.5,green,91.0,green,24.0,green,99.0,green,24.0,green,97.0
297,2021-10-14,green,22.5,green,99.0,green,22.5,green,91.0,green,23.0,green,88.0,green,24.0,green,99.0,green,24.5,green,98.0,green,23.0,green,98.0,green,23.0,green,86.0,green,22.0,green,92.0,green,22.5,green,99.0,green,23.5,green,97.0
298,2021-10-15,green,22.0,green,99.0,green,23.0,green,94.0,green,23.0,green,87.0,green,22.5,green,99.0,green,24.0,green,96.0,green,23.0,green,95.0,green,22.5,green,87.0,green,21.5,green,92.0,green,22.0,green,99.0,green,23.0,green,98.0
299,2021-10-16,green,22.0,green,99.0,green,23.0,green,97.0,green,23.0,green,92.0,green,22.0,green,99.0,green,24.5,green,98.0,green,22.5,green,94.0,green,21.5,green,90.0,green,21.5,green,92.0,green,22.0,green,98.0,green,22.5,green,95.0
300,2021-10-17,green,22.0,green,98.0,green,22.5,green,87.0,green,23.0,green,94.0,green,22.5,green,99.0,green,24.5,green,98.0,green,22.5,green,95.0,green,21.5,green,91.0,green,21.5,green,90.0,green,22.5,green,98.0,green,23.0,green,97.0
301,2021-10-18,green,22.5,green,99.0,green,23.0,green,95.0,green,23.5,green,96.0,green,23.5,green,99.0,green,24.5,green,99.0,green,23.0,green,98.0,green,22.5,green,92.0,green,22.0,green,92.0,green,23.0,green,99.0,green,23.0,green,98.0
302,2021-10-19,green,22.0,green,98.0,green,22.5,green,97.0,green,23.0,green,97.0,green,23.0,green,97.0,green,24.5,green,98.0,green,23.0,green,98.0,green,22.0,green,92.0,green,21.5,green,90.0,green,22.5,green,98.0,green,23.0,green,98.0
303,2021-10-20,green,22.5,green,99.0,green,22.5,green,95.0,green,23.5,green,98.0,green,24.0,green,98.0,green,25.0,green,98.0,green,23.5,green,97.0,green,22.5,green,88.0,green,22.0,green,92.0,green,23.5,green,99.0,green,23.5,green,99.0
304,2021-10-21,green,22.0,green,99.0,green,22.5,green,96.0,green,22.0,green,95.0,green,21.0,green,99.0,green,24.0,green,99.0,green,22.5,green,95.0,green,22.0,green,90.0,green,20.5,green,92.0,green,21.5,green,99.0,green,22.5,green,94.0
305,2021-10-22,green,22.0,green,99.0,green,22.0,green,96.0,green,21.0,green,96.0,green,21.0,green,99.0,green,23.5,green,98.0,green,22.5,green,98.0,green,22.0,green,93.0,green,20.0,green,90.0,green,21.0,green,99.0,green,22.5,green,88.0
306,2021-10-23,green,21.5,green,98.0,green,22.0,green,98.0,green,22.0,green,98.0,green,21.5,green,98.0,green,23.0,green,99.0,green,22.5,green,97.0,green,22.0,green,95.0,green,21.0,green,94.0,green,22.0,green,99.0,green,22.5,green,98.0
307,2021-10-24,green,22.0,green,99.0,green,22.0,green,99.0,green,22.0,green,98.0,green,21.5,green,99.0,green,24.0,green,98.0,green,23.0,green,99.0,green,22.5,green,99.0,green,20.5,green,94.0,green,22.0,green,99.0,green,23.0,green,98.0
308,2021-10-25,green,21.5,green,99.0,green,22.5,green,98.0,green,21.0,green,99.0,yellow,20.5,green,99.0,green,23.0,green,99.0,green,22.5,green,99.0,green,22.0,green,98.0,green,20.0,green,94.0,green,21.5,green,99.0,green,22.5,green,99.0
309,2021-10-26,green,22.0,green,99.0,green,22.0,green,98.0,green,21.5,green,96.0,green,21.0,green,99.0,green,23.5,green,98.0,green,22.5,green,99.0,green,22.0,green,98.0,green,20.5,green,94.0,green,22.0,green,99.0,green,22.5,green,96.0
310,2021-10-27,green,21.5,green,96.0,green,22.0,green,99.0,green,21.0,green,96.0,green,20.0,green,98.0,green,23.0,green,99.0,green,22.5,green,98.0,green,22.0,green,94.0,green,19.5,green,96.0,green,21.5,green,85.0,green,23.0,green,96.0
311,2021-10-28,green,21.5,green,96.0,green,22.0,green,99.0,green,20.5,green,98.0,green,19.5,green,98.0,green,23.0,green,99.0,green,22.5,green,99.0,green,22.0,green,96.0,green,19.0,green,94.0,green,21.5,green,85.0,green,22.5,green,94.0
312,2021-10-29,green,21.0,green,99.0,green,21.5,green,96.0,green,20.5,green,94.0,green,19.5,green,96.0,green,22.5,green,99.0,green,22.5,green,94.0,green,22.0,green,96.0,green,19.5,green,96.0,green,21.0,green,96.0,green,22.0,green,97.0
313,2021-10-30,green,21.0,green,99.0,green,21.0,green,96.0,green,20.5,green,94.0,green,19.5,green,99.0,green,22.5,green,99.0,green,22.0,green,99.0,green,21.5,green,99.0,green,19.0,green,94.0,green,21.0,green,99.0,green,21.5,green,94.0
314,2021-10-31,green,21.0,green,99.0,green,21.5,green,99.0,green,19.5,green,97.0,green,19.0,green,98.0,green,22.0,green,98.0,green,21.5,green,99.0,green,21.0,green,97.0,green,18.5,green,96.0,green,20.5,green,98.0,green,21.5,green,99.0
315,2021-11-01,green,20.5,green,99.0,green,21.0,green,96.0,green,19.0,green,99.0,yellow,17.5,green,97.0,green,22.5,green,99.0,green,21.0,green,96.0,green,20.5,green,97.0,green,18.0,green,90.0,green,20.0,green,99.0,green,21.0,green,96.0
316,2021-11-02,green,20.0,green,99.0,green,20.5,green,90.0,yellow,19.5,green,99.0,yellow,17.5,green,97.0,green,22.0,green,97.0,green,21.0,green,99.0,green,20.5,green,96.0,green,18.5,green,91.0,green,19.5,green,98.0,green,21.0,green,99.0
317,2021-11-03,green,20.0,green,97.0,green,20.0,green,96.0,green,19.0,green,99.0,yellow,17.5,green,99.0,green,21.5,green,96.0,green,21.0,green,99.0,green,20.0,green,99.0,green,18.5,green,99.0,green,19.5,green,99.0,green,20.5,green,98.0
318,2021-11-04,green,20.0,green,99.0,green,20.5,green,99.0,green,19.0,green,99.0,yellow,18.0,green,98.0,green,21.5,green,99.0,green,21.0,green,98.0,green,20.5,green,94.0,green,18.5,green,97.0,green,19.5,green,99.0,green,21.0,green,99.0
319,2021-11-05,green,20.0,green,98.0,green,20.5,green,99.0,green,19.5,green,97.0,yellow,19.0,green,98.0,green,21.5,green,99.0,green,21.0,green,97.0,green,20.5,green,97.0,green,18.5,green,97.0,green,20.0,green,99.0,green,21.0,green,99.0
320,2021-11-06,green,20.5,green,99.0,green,20.0,green,99.0,green,20.0,green,97.0,green,20.0,green,98.0,green,22.0,green,99.0,green,21.0,green,99.0,green,20.0,green,97.0,green,18.0,green,94.0,green,20.5,green,99.0,green,21.0,green,97.0
321,2021-11-07,green,20.5,green,99.0,yellow,20.5,green,96.0,green,21.0,green,99.0,green,21.0,green,96.0,green,22.5,green,99.0,green,21.5,green,96.0,green,20.5,green,97.0,green,19.0,green,94.0,green,21.0,green,97.0,green,21.5,green,99.0
322,2021-11-08,green,20.5,green,98.0,green,20.0,green,97.0,green,21.0,green,99.0,green,21.0,green,94.0,green,22.5,green,97.0,green,21.5,green,99.0,green,20.5,green,97.0,green,19.5,green,97.0,green,21.0,green,96.0,green,21.5,green,99.0
323,2021-11-09,green,21.0,green,97.0,green,19.0,green,99.0,green,20.5,green,99.0,green,20.5,green,84.0,green,22.5,green,97.0,green,21.5,green,94.0,green,20.5,green,99.0,green,20.0,green,97.0,green,20.0,green,97.0,green,21.5,green,99.0
324,2021-11-10,green,20.5,green,99.0,yellow,19.0,green,99.0,green,20.5,green,97.0,green,21.5,green,97.0,green,22.5,green,99.0,green,21.5,green,99.0,green,19.5,green,99.0,green,19.5,green,97.0,green,21.0,green,97.0,green,22.0,green,96.0
325,2021-11-11,green,21.0,green,97.0,green,19.0,green,99.0,yellow,20.0,green,96.0,yellow,20.5,green,99.0,green,22.0,green,97.0,green,21.0,green,99.0,green,20.5,green,99.0,green,19.0,green,99.0,green,20.0,green,99.0,green,21.0,green,99.0
326,2021-11-12,green,20.0,green,99.0,yellow,19.0,green,99.0,yellow,19.5,green,94.0,yellow,19.0,green,99.0,green,21.5,green,99.0,green,20.0,green,97.0,green,19.5,green,97.0,green,18.5,green,99.0,green,19.5,green,98.0,green,20.5,green,99.0
327,2021-11-13,green,20.0,green,99.0,yellow,19.0,green,96.0,yellow,20.0,green,94.0,yellow,18.5,green,96.0,green,21.5,green,98.0,green,20.0,green,97.0,green,20.0,green,99.0,green,18.5,green,97.0,green,19.5,green,97.0,green,21.0,green,96.0
328,2021-11-14,green,20.5,green,99.0,yellow,19.5,green,99.0,yellow,20.5,green,99.0,yellow,18.0,green,99.0,green,21.5,green,99.0,green,20.5,green,99.0,green,20.0,green,94.0,green,18.5,green,97.0,green,19.0,green,99.0,green,20.5,green,99.0
329,2021-11-15,green,20.0,green,99.0,yellow,18.5,green,99.0,yellow,19.5,green,99.0,yellow,18.5,green,94.0,green,22.0,green,98.0,green,20.5,green,99.0,green,20.0,green,98.0,green,18.0,green,99.0,green,19.5,green,99.0,green,21.0,green,99.0
330,2021-11-16,green,20.5,green,96.0,green,19.0,green,99.0,green,20.5,green,99.0,green,20.5,green,97.0,green,22.5,green,98.0,green,20.5,green,99.0,green,19.5,green,96.0,green,18.5,green,96.0,green,21.0,green,96.0,green,22.0,green,99.0
331,2021-11-17,green,21.0,green,96.0,green,18.5,green,99.0,green,20.5,green,94.0,green,21.0,green,97.0,green,22.0,green,97.0,green,21.0,green,99.0,green,19.5,green,99.0,green,19.5,green,96.0,green,20.5,green,99.0,green,22.0,green,98.0
332,2021-11-18,green,20.0,green,97.0,green,18.5,green,97.0,green,20.0,green,99.0,yellow,18.0,green,98.0,green,21.5,green,99.0,green,20.5,green,98.0,green,20.0,green,94.0,green,18.0,green,97.0,green,19.5,green,99.0,green,21.0,green,99.0
333,2021-11-19,green,19.5,green,99.0,yellow,19.0,green,99.0,green,19.5,green,96.0,green,18.0,green,99.0,green,21.5,green,99.0,green,20.5,green,98.0,green,20.0,green,99.0,green,18.0,green,94.0,green,19.5,green,99.0,green,21.0,green,99.0
334,2021-11-20,green,21.0,green,98.0,green,19.0,green,99.0,green,21.5,green,99.0,green,21.0,green,96.0,green,22.0,green,99.0,green,21.5,green,99.0,green,20.5,green,99.0,green,19.5,green,99.0,green,20.5,green,99.0,green,22.0,green,99.0
335,2021-11-21,green,21.0,green,96.0,yellow,19.0,green,97.0,yellow,21.5,green,97.0,yellow,20.0,green,98.0,green,22.0,green,99.0,green,21.5,green,99.0,green,20.0,green,99.0,green,19.5,green,97.0,green,20.0,green,99.0,green,22.0,green,99.0
336,2021-11-22,green,20.0,green,97.0,green,19.0,green,99.0,green,20.0,green,97.0,yellow,17.5,green,99.0,green,21.5,green,97.0,green,20.5,green,99.0,green,19.5,green,97.0,green,18.0,green,99.0,green,19.5,green,98.0,green,21.0,green,99.0
337,2021-11-23,green,19.5,green,97.0,yellow,19.0,green,94.0,green,20.0,green,97.0,green,18.5,green,99.0,green,22.0,green,97.0,green,21.0,green,98.0,green,20.0,green,96.0,green,18.5,green,97.0,green,19.5,green,99.0,green,21.0,green,91.0
338,2021-11-24,green,21.0,green,99.0,yellow,19.0,green,94.0,green,21.0,green,94.0,green,21.0,green,99.0,green,22.5,green,97.0,green,21.5,green,96.0,green,20.5,green,96.0,green,19.5,green,99.0,green,21.0,green,96.0,green,21.5,green,99.0
339,2021-11-25,green,21.0,green,97.0,green,20.0,green,99.0,green,21.5,green,97.0,green,16.0,green,96.0,green,21.0,green,96.0,green,20.5,green,99.0,green,20.0,green,99.0,green,18.5,green,96.0,green,19.0,green,99.0,green,20.5,green,99.0
340,2021-11-26,green,20.0,green,99.0,green,20.0,green,99.0,green,20.0,green,97.0,yellow,15.5,green,97.0,green,21.5,green,97.0,green,20.5,green,96.0,green,20.0,green,99.0,green,17.5,green,97.0,green,19.5,green,98.0,green,21.0,green,99.0
341,2021-11-27,green,20.0,green,97.0,green,19.5,green,93.0,green,20.0,green,99.0,yellow,18.0,green,96.0,green,21.5,green,99.0,green,20.5,green,99.0,green,20.0,green,99.0,green,18.5,green,96.0,green,19.5,green,99.0,green,21.0,green,98.0
342,2021-11-28,green,20.0,green,98.0,green,18.5,green,94.0,green,19.5,green,94.0,yellow,17.0,green,99.0,green,21.5,green,99.0,green,20.5,green,97.0,green,20.0,green,97.0,green,18.0,green,99.0,green,19.0,green,98.0,green,20.5,green,96.0
343,2021-11-29,green,20.0,green,99.0,yellow,18.5,green,99.0,yellow,19.5,green,99.0,green,18.5,green,99.0,green,22.0,green,99.0,green,21.0,green,99.0,green,20.0,green,99.0,green,18.5,green,97.0,green,20.0,green,99.0,green,21.5,green,99.0
344,2021-11-30,green,20.5,green,96.0,yellow,19.0,green,99.0,yellow,20.5,green,99.0,green,20.0,green,99.0,green,22.5,green,99.0,green,21.0,green,97.0,green,20.0,green,97.0,green,19.5,green,99.0,green,20.0,green,99.0,green,21.5,green,99.0
345,2021-12-01,green,20.5,green,97.0,green,18.5,green,99.0,green,20.5,green,98.0,green,20.5,green,96.0,green,22.5,green,96.0,green,21.0,green,97.0,green,19.5,green,99.0,green,20.0,green,99.0,green,20.5,green,99.0,green,22.0,green,97.0
346,2021-12-02,green,20.5,green,98.0,yellow,18.5,green,97.0,green,20.5,green,99.0,green,21.0,green,99.0,green,22.5,green,98.0,green,22.0,green,97.0,green,19.5,green,96.0,green,19.5,green,99.0,green,21.0,green,99.0,green,22.5,green,94.0
347,2021-12-03,green,20.5,green,97.0,green,18.5,green,99.0,green,20.5,green,88.0,green,21.0,green,97.0,green,22.5,green,99.0,green,21.5,green,97.0,green,19.5,green,99.0,green,19.5,green,96.0,green,20.5,green,94.0,green,22.0,green,99.0
348,2021-12-04,green,20.5,green,96.0,yellow,19.0,green,97.0,green,20.5,green,93.0,green,19.5,green,98.0,green,22.5,green,99.0,green,21.0,green,97.0,green,19.5,green,97.0,green,19.5,green,99.0,green,20.0,green,84.0,green,21.5,green,96.0
349,2021-12-05,green,21.0,green,99.0,green,20.0,green,99.0,green,20.5,green,97.0,green,20.5,green,93.0,green,22.5,green,99.0,green,21.0,green,99.0,green,21.0,green,99.0,green,19.5,green,99.0,green,20.5,green,84.0,green,21.5,green,94.0
350,2021-12-06,green,20.5,green,85.0,green,19.5,green,99.0,green,20.0,green,82.0,green,16.0,green,96.0,green,21.0,green,88.0,green,21.0,green,85.0,green,21.0,green,84.0,green,19.0,green,70.0,green,18.0,green,81.0,green,20.0,green,78.0
351,2021-12-07,green,20.0,green,81.0,green,19.0,green,94.0,green,19.0,green,70.0,green,14.0,green,91.0,green,21.5,green,66.0,green,20.5,yellow,54.0,green,20.0,green,76.0,green,17.5,green,73.0,green,18.5,green,81.0,green,20.0,yellow,53.0
352,2021-12-08,green,20.5,green,78.0,green,18.0,green,70.0,green,20.0,yellow,55.0,green,15.5,green,94.0,green,22.0,yellow,51.0,green,21.0,yellow,57.0,green,20.0,yellow,52.0,green,18.0,green,69.0,green,19.0,green,85.0,green,20.5,yellow,56.0
353,2021-12-09,blue,21.0,blue,83.0,blue,18.5,blue,72.0,blue,20.5,blue,82.0,blue,18.5,blue,90.0,blue,22.5,blue,55.0,blue,21.0,blue,74.0,blue,20.0,blue,73.0,blue,19.0,blue,55.0,blue,20.0,blue,89.0,blue,21.0,blue,78.0
354,2021-12-10,green,21.0,green,73.0,green,18.5,green,81.0,green,21.0,green,78.0,green,20.0,green,94.0,green,23.0,yellow,56.0,yellow,20.5,green,79.0,green,20.0,yellow,57.0,green,19.5,yellow,56.0,green,21.0,green,96.0,green,21.5,green,75.0
355,2021-12-11,green,20.5,green,82.0,green,18.5,green,75.0,yellow,20.5,green,84.0,green,17.5,green,97.0,green,22.0,green,76.0,green,20.5,green,69.0,green,20.0,red,37.0,green,18.0,yellow,53.0,green,19.5,green,99.0,green,20.5,green,84.0
356,2021-12-12,green,20.5,green,93.0,green,18.0,green,90.0,green,20.0,green,93.0,green,17.5,green,97.0,green,22.5,green,90.0,green,20.5,green,84.0,green,19.5,yellow,48.0,green,19.0,green,85.0,green,20.0,green,99.0,green,20.5,green,93.0
357,2021-12-13,green,20.5,green,94.0,green,18.5,green,97.0,green,20.5,green,96.0,green,18.0,green,97.0,green,22.0,green,99.0,yellow,20.5,green,91.0,green,20.0,green,88.0,green,19.0,green,96.0,green,20.0,green,97.0,green,20.0,green,96.0
358,2021-12-14,green,21.0,green,99.0,green,19.0,green,99.0,green,21.5,green,99.0,green,19.5,green,97.0,green,22.0,green,99.0,green,20.0,green,96.0,green,21.0,green,97.0,green,19.5,green,97.0,green,21.0,green,97.0,green,20.5,green,94.0
359,2021-12-15,green,21.5,green,97.0,green,19.5,green,99.0,green,22.0,green,94.0,green,22.5,green,99.0,green,23.5,green,96.0,green,21.5,green,99.0,green,21.0,green,94.0,green,20.5,green,99.0,green,23.0,green,99.0,green,22.5,green,99.0
360,2021-12-16,green,20.0,green,99.0,green,18.5,green,99.0,green,21.5,green,99.0,green,17.0,green,97.0,green,22.0,green,96.0,green,20.0,green,99.0,green,22.5,green,97.0,green,20.0,green,96.0,green,20.5,green,99.0,green,19.0,green,99.0
361,2021-12-17,green,19.0,green,99.0,green,18.0,green,99.0,green,20.5,green,99.0,green,14.0,green,98.0,green,21.0,green,97.0,green,19.5,green,97.0,green,22.0,green,98.0,green,19.5,green,99.0,green,20.5,green,99.0,green,17.5,green,99.0
362,2021-12-18,green,19.0,green,99.0,green,18.0,green,97.0,green,20.5,green,99.0,green,14.5,green,99.0,green,21.0,green,99.0,green,19.5,green,98.0,green,22.0,green,96.0,green,19.5,green,97.0,green,20.5,green,99.0,green,17.5,green,99.0
363,2021-12-19,green,19.0,green,99.0,green,18.0,green,99.0,green,20.5,green,98.0,green,14.0,green,97.0,green,20.5,green,97.0,green,19.0,green,97.0,green,21.5,green,99.0,green,19.0,green,99.0,green,20.0,green,99.0,green,18.0,green,99.0
364,2021-12-20,green,19.0,green,99.0,green,19.0,green,96.0,green,21.0,green,99.0,green,14.0,green,99.0,green,20.5,green,96.0,green,19.0,green,99.0,green,21.5,green,99.0,green,19.5,green,99.0,green,20.5,green,99.0,green,17.5,green,99.0
365,2021-12-21,green,19.5,green,97.0,green,19.0,green,99.0,green,20.5,green,99.0,green,14.5,green,96.0,green,20.0,green,99.0,green,19.0,green,99.0,green,21.5,green,97.0,green,20.0,green,99.0,green,20.0,green,99.0,green,17.5,green,99.0
366,2021-12-22,green,19.0,green,99.0,green,19.0,green,99.0,green,20.0,green,99.0,green,14.5,green,98.0,green,20.0,green,99.0,green,19.0,green,98.0,green,20.5,green,96.0,green,20.5,green,99.0,green,19.0,green,97.0,green,18.0,green,97.0
367,2021-12-23,green,20.0,green,97.0,green,19.5,green,99.0,green,20.5,green,97.0,green,16.5,green,97.0,green,20.5,green,99.0,green,19.5,green,99.0,green,20.0,green,96.0,green,21.0,green,96.0,green,19.0,green,99.0,green,19.0,green,97.0
368,2021-12-24,green,20.5,green,99.0,green,19.5,green,99.0,green,21.0,green,99.0,green,19.0,green,97.0,green,21.5,green,99.0,green,21.0,green,99.0,green,20.0,green,94.0,green,21.5,green,97.0,green,20.0,green,99.0,green,20.5,green,99.0
369,2021-12-25,green,20.0,green,99.0,green,19.0,green,94.0,green,21.0,green,99.0,green,18.0,green,99.0,green,21.0,green,99.0,green,20.5,green,99.0,green,19.5,green,93.0,green,21.5,green,96.0,green,19.0,green,98.0,green,19.5,green,97.0
370,2021-12-26,green,20.0,green,99.0,green,19.5,green,99.0,green,20.5,green,99.0,green,17.0,green,97.0,green,21.0,green,99.0,green,20.0,green,99.0,green,19.5,green,96.0,green,20.5,green,97.0,green,19.0,green,99.0,green,19.5,green,99.0
371,2021-12-27,green,20.0,green,96.0,green,19.5,green,97.0,green,21.0,green,97.0,green,17.5,green,98.0,green,20.5,green,99.0,green,20.0,green,99.0,green,20.0,green,99.0,green,21.0,green,99.0,green,19.0,green,97.0,green,19.0,green,97.0
372,2021-12-28,green,19.0,green,97.0,green,19.5,green,96.0,green,20.5,green,99.0,green,15.5,green,96.0,green,19.0,green,97.0,green,18.5,green,97.0,green,20.0,green,94.0,green,20.0,green,93.0,green,19.5,green,99.0,green,18.5,green,99.0
373,2021-12-29,green,19.0,green,99.0,green,18.0,green,99.0,green,21.0,green,99.0,yellow,16.0,green,99.0,yellow,20.5,green,97.0,green,18.5,green,98.0,green,20.0,green,97.0,green,19.5,green,99.0,green,19.0,green,97.0,green,18.5,green,97.0
374,2021-12-30,green,19.0,green,98.0,green,17.5,green,96.0,green,21.5,green,96.0,yellow,16.5,green,99.0,yellow,21.0,green,99.0,green,18.5,green,99.0,green,20.0,green,99.0,green,20.0,green,97.0,green,19.0,green,96.0,green,18.0,green,96.0
375,2021-12-31,green,18.5,green,99.0,green,18.5,green,96.0,green,19.5,green,99.0,green,18.0,green,99.0,green,21.5,green,99.0,green,19.0,green,99.0,green,20.5,green,99.0,green,20.5,green,97.0,green,19.5,green,99.0,green,18.0,green,93.0
376,2022-01-01,green,17.0,green,99.0,green,19.0,green,96.0,green,18.0,green,97.0,yellow,15.0,green,99.0,yellow,20.5,green,97.0,green,18.5,green,97.0,green,20.0,green,96.0,green,20.5,green,99.0,green,19.0,green,99.0,green,18.5,green,97.0
377,2022-01-02,yellow,18.5,green,96.0,green,19.0,green,99.0,green,18.5,green,99.0,red,14.5,green,98.0,yellow,21.0,green,97.0,green,18.5,green,98.0,green,19.5,green,97.0,green,20.0,green,99.0,green,18.5,green,96.0,green,17.5,green,97.0
378,2022-01-03,green,18.0,green,99.0,green,20.0,green,99.0,green,18.5,green,97.0,yellow,17.5,green,99.0,yellow,21.5,green,97.0,green,19.0,green,99.0,green,19.5,green,94.0,green,20.5,green,97.0,green,19.0,green,96.0,green,18.0,green,99.0
379,2022-01-04,green,18.0,green,99.0,green,20.5,green,99.0,green,19.5,green,99.0,red,18.5,green,97.0,yellow,22.0,green,96.0,green,18.5,green,99.0,green,20.0,green,94.0,green,20.0,green,99.0,green,19.5,green,97.0,green,17.5,green,94.0
380,2022-01-05,green,17.5,green,99.0,green,19.0,green,99.0,green,19.0,green,99.0,red,18.0,green,97.0,yellow,21.0,green,97.0,green,18.5,green,96.0,green,17.0,green,99.0,green,19.0,green,99.0,green,18.0,green,99.0,green,19.0,green,99.0
381,2022-01-06,green,18.5,green,99.0,green,17.5,green,99.0,green,18.5,green,99.0,red,19.0,green,97.0,yellow,21.5,green,99.0,green,19.0,green,96.0,green,17.0,green,96.0,green,18.5,green,97.0,green,17.5,green,99.0,green,18.5,green,94.0
382,2022-01-07,green,16.0,green,99.0,green,14.5,green,99.0,green,15.5,green,99.0,red,15.5,green,96.0,yellow,17.5,green,97.0,green,19.0,green,99.0,green,18.0,green,99.0,green,18.5,green,97.0,green,18.0,green,97.0,green,18.5,green,98.0
383,2022-01-08,green,13.0,green,98.0,green,13.5,green,99.0,green,13.0,green,97.0,red,12.5,green,99.0,yellow,15.5,green,98.0,green,18.5,green,96.0,green,19.0,green,99.0,green,19.0,green,96.0,green,18.5,green,97.0,green,17.5,green,96.0
384,2022-01-09,green,12.5,green,96.0,green,13.5,green,98.0,green,13.5,green,98.0,yellow,13.5,green,96.0,yellow,15.5,green,97.0,green,18.5,green,99.0,green,19.0,green,91.0,green,19.0,green,96.0,green,18.5,green,97.0,green,17.5,green,97.0
385,2022-01-10,yellow,13.0,green,98.0,green,13.5,green,97.0,green,13.5,green,99.0,yellow,14.0,green,97.0,yellow,16.0,green,98.0,green,19.0,green,99.0,green,18.5,green,94.0,green,19.0,green,99.0,green,18.5,green,96.0,green,18.0,green,99.0
386,2022-01-11,green,13.0,green,98.0,green,14.0,green,97.0,green,14.0,green,96.0,yellow,14.0,green,99.0,yellow,15.5,green,98.0,green,16.0,green,99.0,green,15.5,green,99.0,green,15.5,green,99.0,green,15.5,green,99.0,green,16.0,green,97.0
387,2022-01-12,green,12.0,green,97.0,green,13.5,green,96.0,green,14.0,green,98.0,green,12.5,green,96.0,green,14.0,green,98.0,green,12.5,green,97.0,green,12.0,green,97.0,green,12.0,green,98.0,green,12.0,green,96.0,green,12.0,green,97.0
388,2022-01-13,green,19.0,green,97.0,green,19.5,green,97.0,green,19.5,green,96.0,yellow,20.5,green,98.0,yellow,22.0,green,99.0,green,12.5,green,97.0,green,12.0,green,99.0,green,12.0,green,96.0,green,12.5,green,99.0,green,12.5,green,97.0
389,2022-01-14,green,20.0,green,98.0,green,18.0,green,97.0,blue,22.0,blue,,green,21.5,green,98.0,green,23.0,green,97.0,green,14.0,green,96.0,green,11.5,green,97.0,green,12.0,green,97.0,green,12.0,green,98.0,green,13.0,green,98.0
390,2022-01-15,green,17.5,green,98.0,green,15.0,green,96.0,purple,,purple,,green,20.5,green,98.0,green,22.5,green,98.0,green,15.0,green,98.0,green,10.5,green,97.0,green,11.5,green,97.0,green,11.5,green,98.0,green,14.0,green,96.0
391,2022-01-16,green,15.5,green,98.0,green,13.0,green,97.0,purple,,purple,,green,19.0,green,96.0,green,21.0,green,96.0,green,16.0,green,97.0,green,9.0,green,98.0,green,11.0,green,97.0,green,11.0,green,96.0,green,14.5,green,97.0
392,2022-01-17,green,17.0,green,98.0,green,14.0,green,97.0,green,15.0,blue,,green,20.5,green,98.0,green,22.5,green,97.0,green,15.5,green,97.0,green,11.0,green,97.0,green,11.5,green,98.0,green,11.5,green,97.0,green,14.0,green,96.0
393,2022-01-18,yellow,20.0,green,96.0,green,18.5,green,99.0,green,19.0,green,98.0,yellow,22.0,green,96.0,yellow,23.5,green,98.0,green,14.0,green,97.0,green,11.5,green,98.0,green,11.5,green,97.0,green,12.0,green,97.0,green,13.0,green,99.0
394,2022-01-19,blue,22.5,blue,,blue,22.0,blue,,blue,22.5,blue,,blue,23.0,blue,,blue,24.5,blue,,green,10.5,green,99.0,green,9.0,green,97.0,green,11.0,green,97.0,green,9.0,green,96.0,green,9.0,green,98.0
395,2022-01-20,blue,,blue,,blue,,blue,,blue,,blue,,blue,,blue,,blue,,blue,,green,13.0,green,97.0,green,11.0,green,98.0,green,13.5,green,96.0,green,10.5,green,99.0,green,10.5,green,96.0
396,2022-01-21,blue,14.5,blue,,blue,15.5,blue,,blue,22.0,blue,,blue,15.0,blue,,blue,16.0,blue,,green,10.0,green,99.0,green,9.0,green,98.0,green,9.5,green,97.0,green,9.5,green,97.0,green,9.5,green,98.0
397,2022-01-22,blue,,blue,,blue,,blue,,blue,,blue,,blue,,blue,,blue,,blue,,green,7.0,green,98.0,green,6.0,green,98.0,green,6.0,green,97.0,green,7.0,green,99.0,green,7.0,green,98.0
398,2022-01-23,blue,8.0,blue,,blue,8.5,blue,,green,23.5,blue,,blue,7.5,blue,,blue,9.0,blue,,green,15.0,green,98.0,green,11.5,green,96.0,green,13.5,green,99.0,green,13.0,green,97.0,green,14.5,green,97.0
399,2022-01-24,blue,7.0,blue,,blue,8.0,blue,,blue,9.5,blue,,blue,7.0,blue,,blue,8.5,blue,,blue,28.0,blue,97.0,blue,22.0,blue,99.0,blue,27.0,blue,99.0,blue,22.5,blue,96.0,blue,25.5,blue,96.0
400,2022-01-25,blue,7.0,blue,,blue,8.5,blue,,blue,8.5,blue,,blue,7.0,blue,,blue,8.0,blue,,blue,30.5,blue,98.0,blue,24.0,blue,99.0,blue,29.5,blue,97.0,blue,24.0,blue,97.0,blue,27.5,blue,99.0
401,2022-01-26,blue,7.0,blue,,blue,9.0,blue,,blue,9.0,blue,,blue,7.0,blue,,blue,8.5,blue,,blue,30.5,blue,99.0,blue,24.0,blue,97.0,blue,28.5,blue,92.0,blue,25.0,blue,99.0,blue,28.0,blue,98.0
402,2022-01-27,blue,7.0,blue,,blue,8.5,blue,,blue,9.0,blue,,blue,7.5,blue,,blue,8.5,blue,,blue,30.0,blue,93.0,blue,25.0,blue,98.0,blue,29.0,blue,88.0,blue,26.5,blue,98.0,blue,29.0,blue,97.0
403,2022-01-28,blue,7.0,blue,,blue,8.0,blue,,blue,9.5,blue,,blue,8.0,blue,,blue,9.0,blue,,blue,29.5,blue,97.0,blue,24.5,blue,97.0,blue,29.0,blue,96.0,blue,26.0,blue,98.0,blue,28.5,blue,96.0
404,2022-01-29,green,7.0,blue,,green,8.5,blue,,yellow,9.0,blue,,green,7.5,blue,,green,8.5,blue,,green,29.5,green,97.0,green,25.0,green,99.0,green,28.5,green,96.0,green,26.0,green,96.0,green,28.0,green,97.0
405,2022-01-30,green,7.5,blue,,green,8.5,blue,,yellow,9.0,blue,,green,8.0,blue,,green,9.0,blue,,green,29.5,green,97.0,green,24.5,green,99.0,green,29.0,green,97.0,green,25.0,green,97.0,green,27.5,green,97.0
406,2022-01-31,green,20.5,blue,,green,17.5,blue,,yellow,18.0,blue,,green,20.0,blue,,green,22.0,blue,,green,29.5,green,98.0,green,25.5,green,98.0,green,29.0,green,98.0,green,26.5,green,97.0,green,29.0,green,97.0
407,2022-02-01,green,,blue,,green,,blue,,yellow,,blue,,green,,blue,,green,,blue,,green,30.0,green,96.0,green,26.5,green,91.0,green,30.0,green,93.0,green,27.5,green,98.0,green,29.0,green,93.0
408,2022-02-02,green,31.0,blue,,green,27.5,blue,,yellow,28.5,blue,,green,29.5,blue,,green,31.5,blue,,green,29.5,green,90.0,green,24.5,green,99.0,green,28.0,green,99.0,green,26.0,green,97.0,green,28.5,green,96.0
409,2022-02-03,green,31.5,blue,,green,27.0,blue,,yellow,28.5,blue,,green,29.5,blue,,green,31.5,blue,,green,29.5,green,90.0,green,24.0,green,99.0,green,28.5,green,97.0,green,25.5,green,99.0,green,28.0,green,98.0
410,2022-02-04,yellow,31.0,blue,,green,27.5,blue,,green,28.5,blue,,yellow,29.5,blue,,yellow,31.5,blue,,green,29.5,green,97.0,green,25.0,green,99.0,green,29.0,green,98.0,green,26.0,green,96.0,green,28.5,green,96.0
411,2022-02-05,yellow,,blue,,green,,blue,,green,,blue,,yellow,,blue,,yellow,,blue,,green,30.0,green,95.0,green,25.5,green,97.0,green,30.0,green,96.0,green,27.0,green,97.0,green,29.0,green,99.0
412,2022-02-06,yellow,,blue,,green,,blue,,green,,blue,,yellow,,blue,,yellow,,blue,,green,30.5,green,79.0,green,26.0,green,97.0,green,30.0,green,94.0,green,27.5,green,96.0,green,29.0,green,91.0
413,2022-02-07,yellow,,blue,,green,,blue,,green,,blue,,yellow,,blue,,yellow,,blue,,green,30.5,green,94.0,green,26.0,green,98.0,green,30.0,green,94.0,green,27.5,green,97.0,green,29.5,green,93.0
414,2022-02-08,yellow,,blue,,green,,blue,,green,,blue,,yellow,,blue,,yellow,,blue,,green,30.0,green,99.0,green,28.0,green,83.0,green,30.5,green,92.0,green,27.5,green,97.0,green,29.0,green,97.0
415,2022-02-09,yellow,,blue,,green,,blue,,green,,blue,,yellow,,blue,,yellow,,blue,,green,30.5,green,99.0,green,29.0,green,76.0,green,30.5,green,83.0,green,27.5,green,97.0,green,29.5,green,99.0
416,2022-02-10,yellow,,blue,,green,,blue,,green,,blue,,yellow,,blue,,yellow,,blue,,green,30.0,green,98.0,green,29.0,green,76.0,green,30.0,green,84.0,green,27.0,green,98.0,green,29.0,green,99.0
417,2022-02-11,yellow,29.5,blue,,green,27.0,blue,,green,28.5,blue,,yellow,30.5,blue,,yellow,32.0,blue,,green,28.5,green,97.0,green,28.5,green,86.0,green,29.5,green,89.0,green,28.0,green,79.0,green,28.5,green,85.0
418,2022-02-12,yellow,30.0,blue,,green,27.0,blue,,green,28.5,blue,,yellow,31.5,blue,,yellow,32.5,blue,,green,27.5,green,95.0,green,27.0,green,98.0,green,28.5,green,98.0,green,28.0,green,93.0,green,28.0,green,93.0
419,2022-02-13,yellow,30.5,blue,,green,27.5,blue,,green,28.5,blue,,yellow,32.5,blue,,yellow,33.0,blue,,green,27.5,green,93.0,green,27.5,green,98.0,green,29.0,green,98.0,green,28.0,green,94.0,green,28.0,green,92.0
420,2022-02-14,yellow,29.5,blue,,green,28.5,blue,,green,28.5,blue,,yellow,30.5,blue,,yellow,31.5,blue,,green,27.5,green,96.0,green,28.0,green,99.0,green,29.0,green,98.0,green,28.0,green,94.0,green,28.0,green,94.0
421,2022-02-15,green,28.5,blue,,green,29.0,blue,,green,28.5,blue,,red,26.5,blue,,yellow,30.0,blue,,green,28.0,green,96.0,green,28.0,green,98.0,yellow,29.0,green,94.0,green,28.0,green,96.0,green,28.5,green,93.0
422,2022-02-16,green,28.0,green,97.0,green,28.5,green,99.0,green,28.5,blue,,yellow,26.0,green,98.0,yellow,29.5,green,90.0,green,29.0,green,96.0,green,29.0,green,94.0,yellow,31.0,green,91.0,green,29.0,green,96.0,green,29.0,green,88.0
423,2022-02-17,blue,,blue,,blue,,blue,,blue,,blue,,blue,,blue,,blue,,blue,,green,28.5,green,97.0,green,27.5,green,99.0,green,29.5,green,96.0,green,28.5,green,96.0,green,28.5,green,94.0
424,2022-02-18,blue,,blue,,blue,,blue,,blue,,blue,,blue,,blue,,blue,,blue,,green,28.0,green,96.0,green,27.5,green,96.0,green,28.5,green,96.0,green,27.5,green,99.0,green,28.5,green,94.0
425,2022-02-19,blue,,blue,,blue,,blue,,blue,,blue,,blue,,blue,,blue,,blue,,green,27.5,green,99.0,green,27.0,green,99.0,green,28.0,green,96.0,green,27.5,green,99.0,green,28.0,green,94.0
426,2022-02-20,blue,,blue,,blue,,blue,,blue,,blue,,blue,,blue,,blue,,blue,,green,27.5,green,97.0,green,27.5,green,99.0,green,29.5,green,96.0,green,27.5,green,99.0,green,27.5,green,97.0
427,2022-02-21,green,27.5,blue,,green,26.5,blue,,green,28.0,purple,,yellow,23.5,blue,,green,28.0,blue,,green,28.0,green,97.0,green,28.0,green,90.0,green,30.0,green,91.0,green,28.0,green,99.0,green,28.0,green,96.0
428,2022-02-22,green,27.0,green,97.0,green,26.0,green,88.0,green,27.0,purple,,red,23.5,green,88.0,yellow,28.0,green,76.0,green,27.5,green,99.0,green,27.5,green,94.0,green,28.5,green,93.0,green,27.0,green,99.0,green,27.5,green,96.0
429,2022-02-23,green,26.0,green,97.0,green,25.5,green,97.0,green,26.0,purple,,yellow,25.5,green,90.0,yellow,28.5,green,89.0,green,26.5,green,98.0,green,26.0,green,98.0,green,27.0,green,95.0,green,26.5,green,98.0,green,26.5,green,90.0
430,2022-02-24,green,25.5,green,99.0,green,26.0,green,92.0,green,26.0,purple,,yellow,25.0,green,89.0,green,27.5,green,82.0,green,26.5,green,94.0,green,26.0,green,95.0,green,28.0,green,90.0,green,26.5,green,98.0,green,26.5,green,86.0
431,2022-02-25,green,25.5,green,99.0,green,25.0,green,95.0,green,25.5,purple,,green,23.0,green,95.0,green,26.5,green,86.0,green,26.0,green,74.0,green,25.5,green,90.0,green,27.0,green,78.0,green,26.0,green,98.0,green,26.0,green,87.0
432,2022-02-26,green,25.0,green,98.0,green,25.0,green,97.0,green,25.5,purple,,yellow,24.0,green,95.0,green,26.5,green,90.0,green,25.5,green,81.0,green,26.0,green,92.0,green,27.5,green,89.0,green,26.0,green,98.0,green,25.5,green,87.0
433,2022-02-27,green,25.5,green,98.0,green,25.5,green,98.0,green,26.0,purple,,green,24.5,green,89.0,green,27.0,green,87.0,green,26.0,green,87.0,green,26.0,green,87.0,green,28.0,green,90.0,green,26.5,green,95.0,green,26.0,green,86.0
434,2022-02-28,green,26.0,green,97.0,blue,25.5,blue,,green,26.0,purple,,yellow,23.5,green,90.0,green,26.5,green,82.0,green,26.0,green,82.0,green,26.5,green,86.0,green,28.0,green,89.0,green,26.5,green,95.0,green,26.5,green,84.0
435,2022-03-01,green,25.5,green,96.0,green,25.0,blue,,green,26.0,purple,,yellow,22.5,green,94.0,green,26.5,green,86.0,green,26.5,green,89.0,green,26.5,green,84.0,green,28.0,green,89.0,green,26.5,green,95.0,green,26.5,green,81.0
436,2022-03-02,green,25.5,green,96.0,green,24.5,green,89.0,green,25.5,purple,,green,22.5,green,94.0,green,26.0,green,78.0,green,26.5,green,92.0,green,26.5,green,92.0,green,28.0,green,90.0,green,26.0,green,90.0,green,26.5,green,87.0
437,2022-03-03,green,24.5,green,98.0,green,24.5,green,95.0,green,24.5,purple,,red,22.0,green,90.0,green,25.5,green,76.0,green,26.0,green,95.0,green,25.5,green,82.0,green,27.5,green,92.0,green,26.0,green,89.0,green,26.0,green,86.0
438,2022-03-04,green,24.5,green,98.0,green,24.5,green,95.0,green,25.0,purple,,yellow,22.0,green,89.0,green,26.0,green,82.0,green,25.5,green,95.0,green,25.5,green,94.0,green,27.0,green,90.0,green,25.5,green,87.0,green,26.0,green,90.0
439,2022-03-05,green,26.0,green,96.0,green,24.5,green,86.0,green,26.0,purple,,green,23.0,green,95.0,green,26.5,green,89.0,green,26.0,green,95.0,green,26.0,green,95.0,yellow,28.5,green,92.0,green,25.5,green,94.0,green,27.0,green,94.0
440,2022-03-06,green,25.5,green,97.0,green,24.0,green,81.0,green,25.0,purple,,yellow,20.5,green,95.0,green,25.5,green,90.0,green,25.5,green,94.0,green,25.5,green,92.0,yellow,27.0,green,94.0,green,25.0,green,92.0,green,25.5,green,86.0
441,2022-03-07,green,24.5,green,98.0,green,24.5,green,92.0,green,24.5,purple,,yellow,21.5,green,95.0,green,26.0,green,90.0,green,24.0,green,95.0,green,23.5,green,87.0,green,24.0,green,92.0,green,23.5,green,95.0,green,24.5,green,92.0
442,2022-03-08,green,25.0,green,99.0,green,24.5,green,94.0,green,25.0,purple,,yellow,22.5,green,90.0,green,26.0,green,90.0,green,24.0,green,98.0,green,23.0,green,89.0,green,23.0,green,94.0,green,23.0,green,97.0,green,24.0,green,94.0
443,2022-03-09,green,25.0,green,99.0,green,24.0,green,86.0,green,25.0,purple,,yellow,22.0,green,92.0,green,25.5,green,90.0,green,24.0,green,95.0,green,23.0,green,89.0,green,23.5,green,92.0,green,23.5,green,90.0,green,24.0,green,89.0
444,2022-03-10,green,24.5,green,98.0,green,24.0,green,90.0,green,25.0,purple,,yellow,23.0,green,95.0,green,25.5,green,89.0,green,24.0,green,98.0,green,22.5,green,95.0,green,22.5,green,94.0,green,23.0,green,92.0,green,24.0,green,86.0
445,2022-03-11,green,24.5,green,96.0,green,24.0,green,89.0,green,24.5,purple,,yellow,22.5,green,95.0,yellow,25.5,green,92.0,green,24.0,green,98.0,green,22.5,green,95.0,green,22.5,green,97.0,green,23.0,green,94.0,green,24.0,green,94.0
446,2022-03-12,green,24.0,green,98.0,green,24.0,green,94.0,green,24.0,purple,,yellow,22.0,green,98.0,green,25.5,green,90.0,green,23.5,green,98.0,green,22.0,green,97.0,green,23.0,green,98.0,green,22.5,green,98.0,green,23.5,green,95.0
447,2022-03-13,green,25.5,green,97.0,green,24.0,green,76.0,green,25.0,purple,,green,22.5,green,95.0,green,25.5,green,86.0,green,24.5,green,97.0,green,23.5,green,89.0,green,24.0,green,95.0,green,23.5,green,86.0,green,24.0,green,82.0
448,2022-03-14,green,26.0,green,96.0,green,24.0,green,66.0,green,25.5,purple,,green,22.0,green,90.0,green,25.5,green,86.0,green,25.5,green,90.0,green,24.0,green,78.0,green,25.0,green,86.0,green,24.0,green,86.0,green,24.5,green,81.0
449,2022-03-15,green,26.0,green,98.0,yellow,24.0,yellow,58.0,yellow,25.5,purple,,green,22.0,green,94.0,green,26.0,green,84.0,green,26.0,green,68.0,green,24.0,green,76.0,green,25.0,green,86.0,green,23.5,green,87.0,green,24.5,yellow,60.0
450,2022-03-16,green,26.0,green,98.0,green,23.5,yellow,52.0,green,25.5,purple,,yellow,23.5,green,95.0,green,26.0,green,89.0,green,26.0,green,82.0,green,24.5,green,79.0,green,25.5,green,90.0,green,24.0,green,90.0,green,24.5,green,76.0
451,2022-03-17,green,25.5,green,98.0,green,23.0,green,71.0,green,25.0,purple,,green,22.5,green,95.0,green,25.5,green,86.0,green,26.0,green,90.0,green,24.0,green,82.0,green,25.0,green,92.0,green,24.0,green,89.0,green,25.0,green,90.0
452,2022-03-18,green,25.0,green,99.0,green,23.0,green,76.0,green,24.5,purple,,green,20.5,green,95.0,green,25.0,green,90.0,green,25.0,green,89.0,green,24.0,green,89.0,green,25.0,green,95.0,green,23.5,green,94.0,green,24.5,green,89.0
453,2022-03-19,green,23.5,green,98.0,green,23.0,green,76.0,green,24.5,purple,,green,19.0,green,95.0,green,24.0,green,86.0,green,23.5,green,87.0,green,23.0,green,87.0,green,24.0,green,89.0,green,23.0,green,90.0,green,23.0,green,84.0
454,2022-03-20,green,22.5,green,99.0,green,23.5,green,86.0,green,24.0,purple,,yellow,21.0,green,97.0,green,24.5,green,95.0,green,23.5,green,94.0,green,23.5,green,90.0,green,24.0,green,90.0,green,23.0,green,92.0,green,23.5,green,84.0
455,2022-03-21,green,22.0,green,98.0,green,23.5,green,79.0,green,24.0,purple,,green,22.0,green,97.0,green,25.0,green,91.0,green,24.0,green,94.0,green,23.5,green,89.0,green,24.5,green,96.0,green,23.5,green,97.0,green,24.0,green,92.0
456,2022-03-22,blue,20.5,blue,99.0,blue,23.5,blue,60.0,blue,23.5,blue,,blue,21.0,blue,96.0,blue,24.5,blue,86.0,blue,23.5,blue,90.0,blue,23.5,blue,82.0,blue,24.0,blue,85.0,blue,23.0,blue,95.0,blue,23.0,blue,83.0
457,2022-03-23,green,21.0,green,96.0,green,23.0,green,71.0,green,23.0,purple,,green,21.0,green,95.0,green,24.0,green,81.0,green,23.5,green,87.0,green,23.0,green,86.0,green,24.0,green,91.0,green,22.0,green,95.0,green,22.5,green,82.0
458,2022-03-24,green,21.0,green,97.0,green,23.0,green,61.0,green,23.0,purple,,green,21.0,green,92.0,green,24.0,green,85.0,green,24.0,green,88.0,green,22.0,green,91.0,green,23.5,green,91.0,green,21.0,green,94.0,green,22.5,green,75.0
459,2022-03-25,green,21.5,green,97.0,green,22.5,green,72.0,green,23.0,purple,,green,19.5,green,93.0,green,23.5,green,85.0,green,22.5,green,93.0,green,22.0,green,89.0,green,22.5,green,88.0,green,21.5,green,92.0,green,22.0,green,78.0
460,2022-03-26,green,21.5,green,96.0,green,22.0,green,63.0,green,23.0,purple,,yellow,18.5,green,94.0,green,23.0,green,91.0,green,21.5,green,97.0,green,21.5,green,91.0,green,21.5,green,83.0,green,21.5,green,91.0,green,21.5,green,84.0
461,2022-03-27,green,21.5,green,99.0,green,22.0,green,69.0,green,23.0,purple,,yellow,18.5,green,93.0,green,23.5,green,92.0,green,21.5,green,97.0,green,22.0,green,85.0,green,21.5,green,84.0,green,22.0,green,89.0,green,21.5,green,92.0
462,2022-03-28,green,21.5,green,99.0,green,22.0,green,75.0,green,23.0,purple,,green,19.0,green,95.0,green,24.0,green,89.0,green,21.5,green,93.0,green,22.0,green,86.0,green,21.5,green,85.0,green,22.0,green,76.0,green,22.0,green,78.0
463,2022-03-29,green,21.5,green,98.0,green,22.0,green,71.0,green,23.0,purple,,green,18.0,green,97.0,green,23.5,green,88.0,green,22.0,green,97.0,green,22.0,green,88.0,green,22.0,green,92.0,green,22.0,green,89.0,green,22.0,green,82.0
464,2022-03-30,green,22.0,green,98.0,green,22.0,green,73.0,green,22.5,purple,,green,19.5,green,97.0,green,24.5,green,93.0,green,22.5,green,98.0,green,23.0,green,95.0,green,22.0,green,87.0,green,22.0,green,95.0,green,22.0,green,93.0
465,2022-03-31,green,22.0,green,97.0,green,22.5,green,75.0,green,23.0,purple,,yellow,18.5,green,96.0,green,23.5,green,89.0,green,22.0,green,96.0,green,22.0,green,94.0,green,21.5,green,92.0,green,22.0,green,87.0,green,21.5,green,89.0
466,2022-04-01,green,22.0,green,98.0,green,21.5,green,78.0,green,22.5,purple,,yellow,18.5,green,97.0,green,23.5,green,92.0,green,22.0,green,95.0,green,22.0,green,94.0,green,21.5,green,91.0,green,21.5,green,97.0,green,21.5,green,91.0
467,2022-04-02,green,22.5,green,98.0,green,22.5,green,81.0,green,22.0,purple,,yellow,18.5,green,96.0,green,23.5,green,94.0,green,22.0,green,97.0,green,22.5,green,94.0,green,21.5,green,92.0,green,21.5,green,94.0,green,21.5,green,89.0
468,2022-04-03,green,22.5,green,97.0,green,22.0,green,81.0,green,22.5,purple,,green,20.5,green,96.0,green,24.0,green,95.0,green,22.5,green,97.0,green,22.5,green,92.0,green,22.0,green,93.0,green,22.0,green,93.0,green,22.0,green,96.0
469,2022-04-04,green,22.0,green,98.0,green,21.5,green,75.0,green,22.0,purple,,green,20.0,green,96.0,green,24.0,green,92.0,green,22.5,green,98.0,green,22.0,green,86.0,green,21.5,green,93.0,green,21.5,green,93.0,green,22.0,green,93.0
470,2022-04-05,green,21.5,green,99.0,green,23.0,green,74.0,green,22.0,purple,,green,20.0,green,94.0,green,24.0,green,94.0,green,23.5,green,98.0,green,22.0,green,86.0,green,21.5,green,93.0,green,22.0,green,84.0,green,22.0,green,82.0
471,2022-04-06,green,21.5,green,97.0,green,22.5,green,77.0,green,21.5,purple,,green,20.0,green,99.0,green,24.0,green,95.0,green,23.5,green,97.0,green,22.0,green,92.0,green,21.5,green,94.0,green,21.0,green,94.0,green,21.5,green,93.0
472,2022-04-07,green,21.0,green,97.0,green,22.5,green,78.0,green,22.0,purple,,yellow,19.0,green,99.0,green,23.5,green,92.0,green,22.5,green,97.0,green,22.0,green,93.0,green,21.5,green,94.0,green,21.5,green,95.0,green,21.5,green,93.0
473,2022-04-08,green,22.0,green,99.0,green,23.0,green,78.0,green,23.0,purple,,yellow,18.5,green,97.0,green,23.5,green,93.0,green,22.5,green,86.0,green,22.0,green,93.0,green,21.5,green,92.0,green,21.5,green,82.0,green,21.5,green,80.0
474,2022-04-09,green,21.5,green,96.0,green,22.5,green,77.0,green,22.5,purple,,yellow,18.5,green,98.0,green,24.0,green,96.0,green,23.0,green,97.0,green,22.0,green,93.0,green,21.5,green,95.0,green,21.5,green,96.0,green,21.5,green,87.0
475,2022-04-10,green,22.5,green,96.0,green,22.5,green,82.0,green,23.0,purple,,green,22.0,green,98.0,green,24.5,green,97.0,green,23.5,green,97.0,green,22.0,green,94.0,green,21.5,green,95.0,green,23.0,green,98.0,green,23.0,green,91.0
476,2022-04-11,green,22.0,green,97.0,green,22.0,green,76.0,green,22.0,purple,,yellow,21.5,green,99.0,green,24.0,green,95.0,green,24.0,green,96.0,green,21.5,green,89.0,green,21.5,green,92.0,green,21.5,green,99.0,green,22.5,green,93.0
477,2022-04-12,green,22.0,green,99.0,green,22.0,green,87.0,green,22.0,purple,,green,22.0,green,99.0,green,24.5,green,97.0,green,23.0,green,95.0,green,21.5,green,95.0,green,21.5,green,92.0,green,23.0,green,99.0,green,23.0,green,89.0
478,2022-04-13,green,22.0,green,97.0,green,21.0,green,77.0,green,22.0,purple,,yellow,22.0,green,99.0,green,24.5,green,97.0,green,23.0,green,97.0,green,21.0,green,93.0,green,21.0,green,89.0,green,22.5,green,94.0,green,23.0,green,91.0
479,2022-04-14,green,21.5,green,99.0,green,21.5,green,81.0,green,22.0,purple,,yellow,21.0,green,99.0,green,23.5,green,94.0,green,22.5,green,98.0,green,22.0,green,94.0,green,21.5,green,93.0,green,21.0,green,96.0,green,21.5,green,94.0
480,2022-04-15,green,21.5,green,99.0,green,21.0,green,81.0,green,22.0,purple,,green,20.5,green,97.0,green,24.0,green,98.0,green,23.5,green,96.0,green,21.5,green,95.0,green,21.5,green,95.0,green,21.0,green,96.0,green,22.0,green,97.0
481,2022-04-16,green,21.0,green,97.0,yellow,20.5,green,79.0,green,21.5,purple,,green,19.0,green,99.0,green,23.0,green,96.0,green,22.5,green,96.0,green,21.5,green,94.0,green,21.0,green,94.0,green,20.5,green,97.0,green,21.5,green,86.0
482,2022-04-17,green,20.5,green,96.0,green,20.5,green,63.0,green,21.0,purple,,green,18.0,green,99.0,green,23.5,green,95.0,green,22.5,green,97.0,green,21.5,green,96.0,green,20.5,green,96.0,green,21.0,green,93.0,green,21.5,green,89.0
483,2022-04-18,green,21.0,green,96.0,green,21.0,green,78.0,green,21.0,purple,,yellow,18.0,green,98.0,green,23.0,green,95.0,green,22.0,green,96.0,green,21.5,green,93.0,green,20.5,green,92.0,green,20.5,green,89.0,green,21.0,green,92.0
484,2022-04-19,green,21.5,green,98.0,green,22.0,green,76.0,green,22.0,purple,,green,20.0,green,99.0,green,23.5,green,96.0,green,22.5,green,96.0,green,21.5,green,95.0,green,21.0,green,95.0,green,21.0,green,99.0,green,21.5,green,93.0
485,2022-04-20,green,21.5,green,97.0,green,23.0,green,82.0,green,22.0,purple,,green,20.0,green,99.0,green,24.0,green,96.0,green,23.5,green,97.0,green,22.0,green,91.0,green,20.5,green,94.0,green,21.0,green,98.0,green,21.5,green,95.0
486,2022-04-21,green,21.5,green,97.0,yellow,21.5,green,84.0,green,22.0,blue,,green,22.5,green,96.0,green,24.0,green,97.0,green,23.5,green,95.0,green,21.0,green,93.0,green,21.0,green,97.0,green,22.5,green,99.0,green,23.0,green,92.0
487,2022-04-22,yellow,23.5,green,99.0,yellow,23.5,green,84.0,yellow,24.5,green,83.0,yellow,25.5,green,97.0,yellow,26.0,green,96.0,yellow,25.0,green,96.0,yellow,23.5,green,94.0,yellow,23.5,green,92.0,yellow,25.0,green,98.0,green,25.0,green,89.0
488,2022-04-23,green,24.0,green,97.0,green,24.0,green,85.0,green,25.0,green,83.0,green,26.5,green,97.0,green,26.5,green,98.0,green,25.0,green,96.0,green,23.5,green,92.0,green,23.5,green,96.0,green,26.0,green,98.0,green,25.5,green,98.0
489,2022-04-24,green,22.0,green,98.0,green,21.5,green,81.0,green,22.5,green,85.0,green,24.0,green,99.0,green,24.5,green,97.0,green,23.5,green,99.0,green,21.0,green,87.0,green,21.5,green,92.0,green,24.0,green,99.0,green,23.5,green,99.0
490,2022-04-25,green,21.5,green,99.0,green,20.5,green,81.0,green,22.0,green,82.0,yellow,20.5,green,98.0,green,23.5,green,94.0,green,23.0,green,97.0,green,21.5,green,89.0,green,21.0,green,89.0,green,20.5,green,89.0,green,21.5,green,82.0
491,2022-04-26,green,21.5,green,96.0,green,19.5,green,82.0,yellow,21.5,green,84.0,yellow,20.0,green,98.0,green,23.0,green,96.0,green,22.5,green,97.0,yellow,21.0,green,88.0,green,20.5,green,93.0,green,20.5,green,96.0,green,21.5,green,89.0
492,2022-04-27,green,21.5,green,98.0,yellow,20.5,green,86.0,green,21.5,green,89.0,yellow,22.0,green,98.0,green,24.0,green,98.0,green,23.0,green,99.0,green,21.0,green,89.0,green,20.5,green,93.0,yellow,22.5,green,97.0,blue,22.5,blue,94.0
493,2022-04-28,green,21.5,green,97.0,yellow,20.5,green,80.0,green,21.5,green,79.0,green,22.0,green,96.0,green,23.5,green,96.0,green,23.0,green,97.0,green,20.5,green,87.0,green,20.5,green,96.0,green,22.0,green,99.0,green,22.5,blue,
494,2022-04-29,green,21.5,green,97.0,green,20.0,green,78.0,green,21.5,green,81.0,green,22.5,green,99.0,green,23.5,green,96.0,green,23.0,green,97.0,green,20.5,green,86.0,green,21.0,green,97.0,green,22.5,green,99.0,green,23.0,green,96.0
495,2022-04-30,green,22.0,green,97.0,yellow,21.5,green,85.0,yellow,22.5,green,78.0,yellow,24.0,green,99.0,green,24.5,green,96.0,green,23.5,green,97.0,yellow,21.5,green,88.0,yellow,21.5,green,95.0,green,24.0,green,99.0,green,23.5,green,97.0
496,2022-05-01,green,21.5,green,97.0,yellow,19.5,green,86.0,yellow,22.0,green,85.0,green,21.5,green,99.0,green,23.5,green,97.0,green,23.5,green,96.0,green,21.0,green,92.0,green,21.0,green,97.0,green,21.0,green,99.0,green,22.0,green,95.0
497,2022-05-02,green,21.5,green,98.0,yellow,19.5,green,74.0,green,21.5,yellow,43.0,green,22.0,green,96.0,green,24.0,green,96.0,green,23.0,green,96.0,green,20.0,green,92.0,green,20.5,green,94.0,green,22.0,green,98.0,green,22.5,green,96.0
498,2022-05-03,green,21.5,green,97.0,yellow,20.0,green,92.0,yellow,21.5,green,85.0,green,22.0,green,98.0,green,23.5,green,97.0,green,23.0,green,97.0,green,20.5,green,95.0,green,20.5,green,96.0,green,21.5,green,99.0,green,22.0,green,96.0
499,2022-05-04,green,21.5,green,97.0,yellow,19.5,green,86.0,green,21.5,green,85.0,green,21.0,green,99.0,green,23.0,green,97.0,green,23.0,green,97.0,green,20.0,green,93.0,green,20.5,green,95.0,green,21.5,green,99.0,green,22.0,green,96.0
500,2022-05-05,green,21.5,green,99.0,yellow,19.5,green,86.0,yellow,21.0,green,89.0,green,21.0,green,99.0,green,23.0,green,96.0,green,23.0,green,97.0,green,20.0,green,96.0,yellow,21.5,green,95.0,green,21.0,blue,,green,22.0,green,94.0
501,2022-05-06,green,21.5,green,97.0,green,18.5,green,89.0,yellow,21.5,green,85.0,green,21.5,green,99.0,green,23.0,green,99.0,green,23.0,green,99.0,green,20.0,green,96.0,green,21.0,green,95.0,green,21.0,green,99.0,green,22.0,green,97.0
502,2022-05-07,green,21.0,green,97.0,yellow,19.0,green,88.0,yellow,21.0,green,86.0,green,22.5,green,98.0,green,23.5,green,98.0,green,23.0,green,97.0,green,20.5,green,96.0,green,20.5,green,93.0,green,22.5,green,96.0,green,22.5,green,96.0
503,2022-05-08,green,22.0,green,99.0,green,19.5,green,87.0,green,21.5,green,86.0,green,23.5,green,98.0,green,24.0,green,98.0,green,22.5,green,99.0,green,20.5,green,96.0,green,20.5,green,92.0,green,22.5,green,98.0,green,22.5,green,98.0
504,2022-05-09,yellow,24.5,green,96.0,yellow,24.0,green,85.0,yellow,25.0,green,88.0,yellow,26.5,green,98.0,yellow,27.0,green,97.0,yellow,24.5,green,96.0,yellow,23.0,green,92.0,yellow,23.5,green,94.0,yellow,26.0,green,99.0,yellow,25.0,green,98.0
505,2022-05-10,yellow,26.0,green,97.0,yellow,26.0,green,88.0,yellow,27.5,green,92.0,yellow,28.0,green,96.0,yellow,28.5,green,99.0,yellow,27.0,green,97.0,yellow,26.0,green,95.0,yellow,26.0,green,95.0,yellow,28.0,green,99.0,yellow,27.0,green,97.0
506,2022-05-11,yellow,28.0,green,97.0,yellow,28.0,green,91.0,yellow,29.5,green,94.0,yellow,29.5,green,98.0,blue,30.0,blue,,red,28.0,green,99.0,yellow,28.0,green,95.0,yellow,28.0,green,95.0,yellow,29.5,green,99.0,yellow,29.0,green,97.0
507,2022-05-12,yellow,28.0,green,97.0,yellow,28.5,green,86.0,yellow,29.5,green,89.0,yellow,30.0,green,96.0,yellow,30.5,blue,,red,28.0,green,98.0,red,28.0,green,97.0,yellow,28.0,green,96.0,yellow,29.5,green,99.0,yellow,29.0,green,98.0
508,2022-05-13,yellow,26.0,green,97.0,red,26.0,green,86.0,red,27.0,green,92.0,yellow,28.0,green,97.0,yellow,28.0,green,99.0,red,26.0,green,99.0,red,26.0,green,93.0,red,26.0,green,95.0,yellow,27.5,green,99.0,yellow,27.0,green,99.0
509,2022-05-14,red,24.5,green,97.0,red,25.0,green,85.0,red,26.0,green,92.0,red,27.0,green,96.0,red,27.0,green,99.0,red,25.5,green,96.0,red,24.5,green,91.0,red,24.5,green,95.0,red,27.0,green,98.0,red,26.0,green,98.0
510,2022-05-15,green,22.0,green,96.0,yellow,21.5,green,85.0,yellow,22.5,green,84.0,green,24.0,green,96.0,green,24.5,green,98.0,yellow,22.5,green,98.0,yellow,21.0,green,93.0,yellow,21.5,green,89.0,yellow,24.5,green,99.0,yellow,23.5,green,99.0
511,2022-05-16,yellow,22.5,green,97.0,red,22.5,green,80.0,yellow,23.5,green,91.0,yellow,24.0,green,98.0,yellow,25.0,green,96.0,yellow,23.5,green,97.0,yellow,21.5,green,92.0,yellow,22.0,green,94.0,yellow,24.0,green,99.0,yellow,23.5,green,98.0
512,2022-05-17,red,24.0,green,96.0,red,23.5,green,86.0,red,24.5,green,87.0,yellow,26.0,green,98.0,red,26.5,green,97.0,red,25.0,green,97.0,red,23.5,green,94.0,red,23.5,green,94.0,yellow,25.5,green,98.0,yellow,25.5,green,98.0
513,2022-05-18,yellow,21.5,green,97.0,red,21.5,green,79.0,yellow,22.5,green,85.0,yellow,24.5,green,97.0,yellow,24.5,green,98.0,red,23.5,green,97.0,yellow,21.0,green,91.0,red,21.5,green,89.0,red,25.5,green,96.0,green,24.5,green,99.0
514,2022-05-19,yellow,23.5,green,97.0,yellow,23.5,green,83.0,yellow,24.5,green,87.0,yellow,26.0,green,98.0,yellow,26.5,green,99.0,yellow,24.5,green,96.0,yellow,23.0,green,87.0,yellow,23.0,green,88.0,yellow,26.0,green,96.0,yellow,25.0,blue,
515,2022-05-20,red,24.5,green,96.0,red,25.0,green,86.0,red,26.0,green,87.0,red,27.0,green,99.0,red,27.0,green,99.0,red,25.0,green,99.0,red,24.0,green,94.0,red,24.5,green,93.0,red,26.5,green,99.0,red,25.5,green,95.0
516,2022-05-21,green,20.5,green,97.0,green,18.5,green,81.0,green,20.0,green,83.0,green,22.0,green,98.0,green,23.0,green,96.0,green,22.0,green,99.0,green,18.5,green,94.0,green,19.0,green,94.0,green,22.0,green,99.0,green,22.5,green,94.0
517,2022-05-22,red,19.5,green,97.0,red,16.0,green,84.0,red,18.5,green,82.0,yellow,22.5,green,96.0,red,23.0,green,96.0,green,22.0,green,97.0,yellow,18.5,green,92.0,green,19.0,green,96.0,green,21.5,green,99.0,green,22.0,green,95.0
518,2022-05-23,green,21.0,green,97.0,green,17.0,green,82.0,green,20.5,green,87.0,green,22.5,green,97.0,green,24.0,green,98.0,green,22.0,green,99.0,green,19.5,green,94.0,green,19.5,green,95.0,green,22.0,green,99.0,green,22.0,green,97.0
519,2022-05-24,green,21.5,green,98.0,green,20.5,green,84.0,green,22.0,green,87.0,green,23.5,green,96.0,green,24.0,green,98.0,green,23.0,green,97.0,green,21.0,green,92.0,green,21.0,green,97.0,green,23.5,green,98.0,green,23.0,green,99.0
520,2022-05-25,yellow,22.0,green,97.0,yellow,22.0,green,86.0,yellow,23.5,green,87.0,yellow,24.5,green,99.0,yellow,24.5,green,99.0,yellow,23.0,green,99.0,yellow,22.0,green,92.0,yellow,22.0,green,92.0,yellow,25.0,green,98.0,yellow,23.5,green,97.0
521,2022-05-26,green,21.0,green,96.0,green,21.0,green,86.0,green,22.0,green,86.0,green,23.5,green,97.0,green,24.0,green,97.0,green,22.5,green,98.0,green,20.0,green,95.0,green,20.5,green,95.0,yellow,24.5,green,96.0,yellow,23.5,green,93.0
522,2022-05-27,green,20.5,green,94.0,green,19.0,green,91.0,green,20.0,green,85.0,green,22.5,green,97.0,green,23.0,green,97.0,green,22.5,green,97.0,green,18.0,green,95.0,green,19.0,green,95.0,green,23.5,green,99.0,green,23.5,green,92.0
523,2022-05-28,yellow,22.0,green,96.0,green,21.0,green,91.0,yellow,22.5,green,92.0,green,23.5,green,96.0,green,24.5,green,97.0,yellow,23.5,green,97.0,yellow,21.0,green,94.0,yellow,21.5,green,97.0,green,23.5,green,97.0,green,23.5,green,97.0
524,2022-05-29,green,24.5,green,97.0,yellow,24.5,green,93.0,green,25.5,green,93.0,green,26.5,green,97.0,green,27.0,green,99.0,yellow,25.0,green,98.0,yellow,23.5,green,94.0,yellow,24.0,green,97.0,green,27.0,green,98.0,green,26.0,green,99.0
525,2022-05-30,green,26.0,green,98.0,yellow,26.0,green,94.0,green,27.0,green,94.0,green,28.0,green,98.0,green,28.0,green,99.0,red,26.0,green,97.0,red,25.5,green,97.0,yellow,25.5,green,97.0,green,27.5,green,99.0,green,26.5,green,99.0
526,2022-05-31,green,26.0,green,98.0,green,26.0,green,94.0,green,27.0,green,95.0,green,28.0,green,98.0,green,28.0,green,99.0,yellow,26.5,green,99.0,green,26.0,green,95.0,green,26.0,green,98.0,green,27.5,green,98.0,green,27.0,green,99.0
527,2022-06-01,green,21.5,green,99.0,green,21.0,green,84.0,green,22.5,green,92.0,green,24.0,green,99.0,green,24.0,green,99.0,green,22.5,green,99.0,green,21.0,green,93.0,green,21.0,green,85.0,green,24.0,green,99.0,green,23.0,green,99.0
528,2022-06-02,yellow,21.5,green,97.0,yellow,21.5,green,87.0,yellow,22.0,green,86.0,yellow,24.0,green,97.0,green,24.0,green,97.0,yellow,22.0,green,97.0,yellow,20.0,green,95.0,yellow,21.0,green,87.0,green,24.0,green,97.0,green,23.0,green,97.0
529,2022-06-03,red,23.0,green,96.0,red,22.5,green,88.0,red,23.5,green,91.0,yellow,25.0,green,97.0,yellow,25.5,green,97.0,red,24.5,green,98.0,red,22.0,green,93.0,red,23.0,green,94.0,red,26.0,green,99.0,yellow,25.5,green,96.0
530,2022-06-04,red,23.5,green,98.0,red,23.0,green,91.0,red,24.0,green,96.0,yellow,25.5,green,99.0,yellow,26.0,green,98.0,yellow,24.5,green,99.0,red,22.5,green,96.0,red,23.0,green,95.0,yellow,26.0,green,99.0,yellow,25.0,green,97.0
531,2022-06-05,yellow,24.0,green,99.0,yellow,23.5,green,95.0,yellow,25.0,green,94.0,yellow,26.0,green,98.0,yellow,26.5,green,98.0,yellow,25.0,green,97.0,yellow,23.5,green,99.0,yellow,23.5,green,97.0,yellow,26.5,green,99.0,yellow,25.5,green,99.0
532,2022-06-06,yellow,23.0,green,98.0,yellow,23.5,green,87.0,yellow,24.5,green,93.0,yellow,25.5,green,97.0,yellow,25.5,green,99.0,yellow,24.5,green,97.0,yellow,23.0,green,95.0,yellow,23.5,green,95.0,yellow,25.5,green,97.0,green,24.5,green,97.0
533,2022-06-07,yellow,22.5,green,96.0,yellow,22.5,green,87.0,yellow,23.5,green,94.0,yellow,25.0,green,98.0,yellow,25.0,green,97.0,yellow,23.5,green,99.0,yellow,22.0,green,96.0,yellow,22.5,green,96.0,yellow,25.0,green,96.0,yellow,24.0,green,97.0
534,2022-06-08,yellow,21.0,green,97.0,yellow,20.5,green,88.0,yellow,21.5,green,89.0,green,23.5,green,99.0,green,23.5,green,97.0,green,22.5,green,98.0,green,20.5,green,94.0,green,21.0,green,95.0,green,23.5,green,97.0,green,23.0,green,96.0
535,2022-06-09,yellow,22.5,green,96.0,yellow,22.5,green,91.0,yellow,23.5,green,95.0,yellow,25.0,green,96.0,yellow,25.5,green,97.0,yellow,24.0,green,97.0,yellow,22.5,green,93.0,yellow,22.5,green,94.0,yellow,25.0,green,99.0,yellow,24.5,green,96.0
536,2022-06-10,green,20.5,green,97.0,green,20.5,green,89.0,green,21.5,green,95.0,green,23.0,green,99.0,green,23.5,green,97.0,green,22.0,green,98.0,green,20.5,green,97.0,green,20.5,green,94.0,green,23.5,green,98.0,green,22.5,green,97.0
537,2022-06-11,green,23.0,green,96.0,yellow,22.5,green,81.0,yellow,24.0,green,87.0,green,25.5,green,98.0,green,25.5,green,97.0,green,24.5,green,98.0,green,23.0,green,96.0,yellow,23.0,green,97.0,green,25.5,green,98.0,green,25.0,green,97.0
538,2022-06-12,green,25.5,green,99.0,yellow,26.0,green,92.0,yellow,27.0,green,92.0,green,27.5,green,97.0,green,28.0,green,97.0,green,26.0,green,99.0,green,25.0,green,98.0,yellow,25.5,green,98.0,green,27.5,green,98.0,green,26.5,green,98.0
539,2022-06-13,yellow,29.0,green,98.0,yellow,29.0,green,97.0,yellow,30.5,green,96.0,green,30.0,green,99.0,yellow,30.5,green,98.0,red,29.0,green,98.0,yellow,29.0,green,98.0,yellow,29.0,green,99.0,yellow,30.5,green,98.0,green,30.0,green,99.0
540,2022-06-14,yellow,30.0,green,99.0,yellow,30.5,green,97.0,yellow,31.5,green,95.0,yellow,31.5,green,98.0,yellow,32.0,green,96.0,red,30.0,green,98.0,red,30.0,green,96.0,red,30.0,green,98.0,yellow,31.5,green,98.0,yellow,30.5,green,99.0
541,2022-06-15,yellow,29.0,green,99.0,yellow,29.5,green,97.0,yellow,30.5,green,97.0,yellow,31.0,green,97.0,yellow,31.5,green,98.0,red,29.0,green,99.0,red,28.0,green,98.0,red,29.0,green,97.0,red,30.5,green,98.0,yellow,29.5,green,97.0
542,2022-06-16,yellow,29.5,green,99.0,yellow,30.0,green,96.0,yellow,31.0,green,96.0,yellow,31.5,green,97.0,yellow,31.5,green,96.0,red,29.5,green,98.0,red,28.5,green,99.0,red,30.0,green,99.0,yellow,31.0,green,99.0,yellow,30.5,green,99.0
